#unpaired probabilities
 #i$	l=1	2	3	4	5	6	7	8	9	10	
1	1	NA	NA	NA	NA	NA	NA	NA	NA	NA	
2	1	1	NA	NA	NA	NA	NA	NA	NA	NA	
3	1	1	1	NA	NA	NA	NA	NA	NA	NA	
4	1	1	1	1	NA	NA	NA	NA	NA	NA	
5	1	1	1	1	1	NA	NA	NA	NA	NA	
6	1	1	1	1	1	1	NA	NA	NA	NA	
7	1	1	1	1	1	1	1	NA	NA	NA	
8	1	1	1	1	1	1	1	1	NA	NA	
9	1	1	1	1	1	1	1	1	1	NA	
10	1	1	1	1	1	1	1	1	1	1	
11	1	1	1	1	1	1	1	1	1	1	
12	1	1	1	1	1	1	1	1	1	1	
13	1	1	1	1	1	1	1	1	1	1	
14	0.9999974	1	1	1	1	1	1	1	1	1	
15	0.999984	0.9999948	1	1	1	1	1	1	1	1	
16	0.99996	0.9999656	0.9999918	1	1	1	1	1	1	1	
17	0.9999353	0.999926	0.9999458	0.9999882	1	1	1	1	1	1	
18	0.9999088	0.9998825	0.9998876	0.9999237	0.9999846	1	1	1	1	1	
19	0.9998703	0.9998337	0.9998221	0.9998436	0.9998982	0.9999804	1	1	1	1	
20	0.9998233	0.9997636	0.9997454	0.999751	0.9997918	0.9998683	0.9999754	1	1	1	
21	0.9997514	0.9996595	0.9996171	0.9996205	0.9996465	0.9997129	0.9998212	0.9999673	1	1	
22	0.9996651	0.9995265	0.9994509	0.9994292	0.9994589	0.9995111	0.9996101	0.9997594	0.9999565	1	
23	0.9990653	0.9989043	0.9988157	0.9987991	0.9988483	0.9989601	0.9991024	0.9993089	0.9995878	0.9999423	
24	0.9986453	0.9983712	0.9982382	0.9981839	0.9982116	0.9983139	0.9984903	0.9987046	0.9990004	0.9993914	
25	0.998272	0.9972398	0.9970147	0.9969433	0.9969684	0.9970863	0.9972956	0.997601	0.9979639	0.9984429	
26	0.9978431	0.9970382	0.9959901	0.9957929	0.9957665	0.9958453	0.9960294	0.9963216	0.9967318	0.9972183	
27	0.9978616	0.996287	0.9954793	0.9944117	0.9942535	0.9942759	0.9944154	0.9946772	0.9950688	0.9956072	
28	0.9982286	0.9968331	0.9951897	0.9943484	0.9932308	0.9930734	0.9931078	0.9932695	0.9935674	0.9940132	
29	0.9990362	0.9975266	0.9960661	0.9943347	0.9934468	0.9922558	0.9920825	0.9921129	0.9922805	0.9925982	
30	0.9998182	0.9988081	0.9972168	0.9956677	0.9938204	0.9928567	0.9915574	0.9913373	0.99133	0.9914657	
31	0.9997371	0.9995531	0.9984945	0.9968148	0.995169	0.993192	0.9921434	0.9907202	0.9904456	0.9903932	
32	0.9991297	0.9988723	0.9986988	0.9976006	0.9958375	0.9940993	0.9919931	0.9908667	0.9893214	0.9890074	
33	0.9896187	0.9894451	0.9891501	0.988916	0.9882478	0.9878046	0.9871902	0.9869925	0.9866308	0.98674	
34	0.9904908	0.9867071	0.9864531	0.9860589	0.9858275	0.9854231	0.9852018	0.9850185	0.9849499	0.9849682	
35	1	0.9905835	0.9867481	0.9864816	0.9860646	0.9858181	0.9853841	0.9851429	0.9849393	0.9848574	
36	0.9881201	0.9882523	0.9802223	0.9767424	0.9767234	0.9765762	0.9766504	0.9765723	0.9767621	0.9770706	
37	0.9961069	0.9836067	0.9837138	0.9759517	0.9734696	0.9734903	0.973379	0.9735117	0.9734894	0.9737692	
38	0.9960244	0.9927283	0.9795727	0.9796822	0.9722216	0.9697752	0.9699762	0.9702654	0.9705928	0.9709513	
39	0.9993835	0.9953181	0.9918058	0.9778222	0.9778291	0.970657	0.9687619	0.9689005	0.9691241	0.9693775	
40	1	0.9993972	0.9952636	0.991548	0.9766743	0.9766051	0.9695613	0.96763	0.9676858	0.9678193	
41	0.9878592	0.9872202	0.9859237	0.980917	0.9760796	0.9750229	0.9748308	0.968168	0.9662735	0.966211	
42	0.9969419	0.9847827	0.9839373	0.9824223	0.9770491	0.975716	0.9745579	0.9743153	0.9678363	0.9659519	
43	0.9975655	0.9944449	0.9833258	0.982345	0.9806899	0.9755097	0.9739793	0.9725985	0.9721724	0.9676751	
44	0.9973291	0.9964925	0.9933902	0.9826299	0.9815442	0.9797831	0.9749254	0.9732408	0.9716834	0.9711353	
45	0.9986107	0.996401	0.9955515	0.9925098	0.9819965	0.9807962	0.9789173	0.9747424	0.9729112	0.9711823	
46	0.9987938	0.9980834	0.9960841	0.9952534	0.9922712	0.9820262	0.9807424	0.978781	0.9747938	0.9728107	
47	0.9979235	0.9976544	0.9973781	0.995616	0.9948082	0.9918674	0.9819113	0.9805199	0.9784482	0.9750611	
48	0.9970028	0.9965833	0.9968038	0.9971061	0.9956663	0.9949153	0.992056	0.9824756	0.9810153	0.9788786	
49	0.9950654	0.994855	0.9949826	0.9958327	0.9968938	0.9958419	0.9951667	0.9924116	0.9832824	0.9817627	
50	0.9872586	0.9874836	0.9887743	0.9906107	0.993405	0.996711	0.9961354	0.9955627	0.9929417	0.9843611	
51	0.9809736	0.9798102	0.9810237	0.983446	0.986619	0.9909665	0.996117	0.9965642	0.996131	0.9936853	
52	0.9650442	0.963773	0.9645565	0.9679334	0.9728318	0.9788734	0.9865454	0.9956167	0.9970166	0.9968972	
53	0.951868	0.9483426	0.948419	0.9506932	0.9558197	0.9627757	0.9712726	0.9818703	0.9945032	0.9976497	
54	0.9413293	0.9284162	0.9264146	0.928151	0.9323556	0.9397463	0.9493839	0.9611063	0.9755772	0.9930001	
55	0.9364307	0.9235467	0.9108875	0.9095989	0.9122634	0.9176345	0.9265148	0.9380211	0.9521255	0.9696026	
56	0.9467916	0.9228181	0.9097852	0.8967682	0.8957311	0.8988768	0.9049619	0.9148901	0.9278239	0.9438912	
57	0.9616499	0.9387974	0.9137137	0.8999478	0.8860662	0.88482	0.8879958	0.8943287	0.9048456	0.9187432	
58	0.9818863	0.9567705	0.9327202	0.9061068	0.8913085	0.8762308	0.8745068	0.8774567	0.8837834	0.8946631	
59	0.9956231	0.9797149	0.953226	0.927694	0.8992516	0.8831285	0.8665107	0.8640272	0.8664746	0.8725113	
60	0.9990533	0.9948543	0.9780704	0.949989	0.9227256	0.8921266	0.8743996	0.8558904	0.8523654	0.8540276	
61	0.9955648	0.9946597	0.9904353	0.9728259	0.9436176	0.9151724	0.8830079	0.8639573	0.8438021	0.8388695	
62	0.9199375	0.9156328	0.9104133	0.901181	0.8857106	0.8708846	0.8531721	0.8406741	0.8261599	0.8203276	
63	0.8929316	0.8832132	0.8767477	0.8690185	0.8591158	0.8484083	0.8370595	0.8265179	0.8149207	0.8054008	
64	0.8888734	0.8752985	0.865656	0.8580226	0.8494533	0.8400471	0.8293252	0.8191714	0.8080045	0.7967423	
65	0.9108992	0.8794185	0.8661798	0.856211	0.8479315	0.8388509	0.8287218	0.8172896	0.8063077	0.7943775	
66	0.9090562	0.8344286	0.8058317	0.7926506	0.7831057	0.7738036	0.7634119	0.7523951	0.7402373	0.7364489	
67	0.9132391	0.899981	0.8328787	0.8059646	0.7931098	0.7835722	0.7741514	0.7635371	0.7522966	0.7398207	
68	0.9958885	0.9048202	0.8908968	0.8319079	0.8067088	0.7942208	0.7847048	0.7751727	0.7643278	0.7528498	
69	0.7354044	0.745297	0.664523	0.6637196	0.6281128	0.620492	0.6256193	0.6360218	0.6498242	0.6663457	
70	0.7021373	0.6862223	0.697491	0.612374	0.6156571	0.5913621	0.5910369	0.5995577	0.612997	0.6304312	
71	0.8056851	0.5177468	0.5055219	0.5147982	0.5243267	0.5355148	0.5249439	0.5329056	0.5496263	0.5713088	
72	0.7894081	0.7550093	0.4630996	0.4514659	0.460721	0.4709431	0.4836307	0.482954	0.4943724	0.5133851	
73	0.8984359	0.7872385	0.7516851	0.4427025	0.4292769	0.4377868	0.4472255	0.4591957	0.4640336	0.4775705	
74	0.9943191	0.8887141	0.7860085	0.749025	0.4207652	0.405086	0.4125307	0.4207567	0.4315231	0.4405947	
75	0.9822248	0.9780129	0.8671231	0.7694555	0.730363	0.3952359	0.377079	0.3832046	0.3899552	0.3991961	
76	0.9819149	0.9751673	0.970999	0.8537831	0.7623022	0.7206054	0.360937	0.3444467	0.3491116	0.3548505	
77	0.7226758	0.6912351	0.6684768	0.6465336	0.5023279	0.410979	0.3546292	0.3319133	0.3116302	0.3137359	
78	0.6466377	0.6005939	0.5694266	0.5387338	0.5079021	0.4743786	0.3871736	0.325166	0.2982034	0.2755222	
79	0.8659905	0.6171519	0.5810916	0.5480094	0.5142676	0.4800038	0.4424003	0.3652479	0.3226198	0.296178	
80	0.9118597	0.860583	0.6258069	0.5894415	0.5563035	0.5210872	0.4865727	0.4469511	0.3701471	0.3245321	
81	0.847534	0.7892524	0.7634331	0.567712	0.544697	0.5282873	0.5064772	0.4831904	0.4492581	0.3772618	
82	0.719901	0.7405258	0.6936883	0.6818132	0.5143423	0.513595	0.5084192	0.4994834	0.4836666	0.4543636	
83	0.6436594	0.6532072	0.6818184	0.6405934	0.6333514	0.4877222	0.4968103	0.5053011	0.5028022	0.491749	
84	0.6045772	0.5953598	0.6126232	0.6432893	0.6063061	0.601817	0.4766928	0.4912938	0.5068922	0.5133056	
85	0.6067685	0.5676228	0.5626867	0.5814843	0.6129061	0.5806133	0.5786478	0.4767174	0.4953241	0.516237	
86	0.6436604	0.5780968	0.5387835	0.5334172	0.552205	0.5840343	0.5569829	0.5577677	0.4827988	0.5057685	
87	0.708918	0.6205192	0.5518175	0.5094107	0.5022495	0.5204316	0.5524004	0.5318402	0.5359557	0.4953029	
88	0.9937448	0.6879033	0.5934653	0.5191705	0.4755812	0.4684241	0.4862217	0.5183437	0.5050071	0.5129186	
89	0.9774607	0.9751536	0.6513222	0.5492101	0.4760327	0.4371127	0.4294867	0.4470436	0.4787979	0.47356	
90	0.942397	0.9375877	0.9331878	0.5878712	0.4911202	0.4317708	0.3939792	0.386257	0.4023152	0.4333431	
91	0.8885033	0.8783391	0.8702204	0.8618307	0.5118126	0.4387007	0.3842443	0.3482854	0.3373159	0.3514422	
92	0.7667149	0.74712	0.7297538	0.7127726	0.6942992	0.4532133	0.3882194	0.3386359	0.2982347	0.2836942	
93	0.712224	0.6845587	0.6617027	0.6393051	0.6159357	0.5899986	0.4036359	0.3467964	0.2925872	0.247548	
94	0.6717084	0.6373006	0.6087095	0.5819522	0.554061	0.5237478	0.4895797	0.3703736	0.3102724	0.2517453	
95	0.6881223	0.6468992	0.6161141	0.5879068	0.5596548	0.5291276	0.4951025	0.4561644	0.3478102	0.2868213	
96	0.7056774	0.6590726	0.6240724	0.5944864	0.5654275	0.5348402	0.5008673	0.4622194	0.417341	0.3442734	
97	0.7613159	0.7077547	0.6698646	0.6388866	0.6108552	0.5822684	0.5513154	0.5162967	0.475814	0.4281178	
98	0.8299416	0.7713649	0.7282405	0.6947049	0.666088	0.63927	0.6113528	0.580577	0.5452361	0.5037567	
99	0.9086825	0.8480659	0.8002748	0.7620248	0.7309835	0.7041522	0.6787321	0.652025	0.6222264	0.5875342	
100	0.9566448	0.9204629	0.8777611	0.8376682	0.8032922	0.7746463	0.7499064	0.7264683	0.7017414	0.6738623	
101	0.9847155	0.9692726	0.9453797	0.9168605	0.8832291	0.8525327	0.8266454	0.8046747	0.7841655	0.7626108	
102	0.9960092	0.9922417	0.9825397	0.9707142	0.9523732	0.9310186	0.9060523	0.8844294	0.866377	0.8501223	
103	0.9987098	0.9973576	0.9956166	0.9933568	0.9870098	0.9800709	0.9686747	0.9559468	0.9408923	0.9283531	
104	0.9996834	0.9993359	0.9988964	0.9983309	0.9976006	0.9966504	0.9938473	0.9909609	0.9859571	0.9805793	
105	0.9999451	0.9998747	0.9997925	0.9996909	0.9995607	0.9993921	0.999173	0.9988862	0.9979952	0.9970859	
106	0.9999923	0.9999837	0.9999727	0.9999585	0.9999425	0.9999219	0.9998951	0.9998603	0.9998145	0.9997538	
107	1	1	1	1	1	1	1	1	1	1	
108	1	1	1	1	1	1	1	1	1	1	
109	1	1	1	1	1	1	1	1	1	1	
110	1	1	1	1	1	1	1	1	1	1	
111	1	1	1	1	1	1	1	1	1	1	
112	1	1	1	1	1	1	1	1	1	1	
113	1	1	1	1	1	1	1	1	1	1	
114	1	1	1	1	1	1	1	1	1	1	
115	1	1	1	1	1	1	1	1	1	1	
116	1	1	1	1	1	1	1	1	1	1	
117	1	1	1	1	1	1	1	1	1	1	
118	1	1	1	1	1	1	1	1	1	1	
119	1	1	1	1	1	1	1	1	1	1	
120	1	1	1	1	1	1	1	1	1	1	
121	1	1	1	1	1	1	1	1	1	1	
122	1	1	1	1	1	1	1	1	1	1	
123	1	1	1	1	1	1	1	1	1	1	
124	1	1	1	1	1	1	1	1	1	1	
125	1	1	1	1	1	1	1	1	1	1	
126	1	1	1	1	1	1	1	1	1	1	
127	1	1	1	1	1	1	1	1	1	1	
128	1	1	1	1	1	1	1	1	1	1	
129	1	1	1	1	1	1	1	1	1	1	
130	1	1	1	1	1	1	1	1	1	1	
131	1	1	1	1	1	1	1	1	1	1	
132	1	1	1	1	1	1	1	1	1	1	
133	1	1	1	1	1	1	1	1	1	1	
134	1	1	1	1	1	1	1	1	1	1	
135	1	1	1	1	1	1	1	1	1	1	
136	1	1	1	1	1	1	1	1	1	1	
137	1	1	1	1	1	1	1	1	1	1	
138	1	1	1	1	1	1	1	1	1	1	
139	1	1	1	1	1	1	1	1	1	1	
140	1	1	1	1	1	1	1	1	1	1	
141	1	1	1	1	1	1	1	1	1	1	
142	1	1	1	1	1	1	1	1	1	1	
143	1	1	1	1	1	1	1	1	1	1	
144	1	1	1	1	1	1	1	1	1	1	
