#unpaired probabilities
 #i$	l=1	2	3	4	5	6	7	8	9	10	
1	1	NA	NA	NA	NA	NA	NA	NA	NA	NA	
2	1	1	NA	NA	NA	NA	NA	NA	NA	NA	
3	0.9999879	1	1	NA	NA	NA	NA	NA	NA	NA	
4	0.9999242	0.9999758	1	1	NA	NA	NA	NA	NA	NA	
5	0.9996072	0.9998373	0.9999616	1	1	NA	NA	NA	NA	NA	
6	0.9983166	0.9992037	0.9997445	0.9999449	1	1	NA	NA	NA	NA	
7	0.9942913	0.9966509	0.9987441	0.9996397	0.9999282	1	1	NA	NA	NA	
8	0.9762702	0.9890357	0.9947003	0.9982077	0.9995194	0.9999085	1	1	NA	NA	
9	0.9335703	0.9547415	0.9761207	0.9923908	0.9975783	0.9993778	0.9998854	1	1	NA	
10	0.8552337	0.8841763	0.9222439	0.9632074	0.9862586	0.9968338	0.9992113	0.9998582	1	1	
11	0.7561711	0.7795277	0.8284864	0.8880486	0.9424567	0.9806826	0.9947506	0.9990147	0.9998262	1	
12	0.6690081	0.6802493	0.7199283	0.7798477	0.8504249	0.9221903	0.971115	0.9929365	0.9984096	0.9997885	
13	0.6049773	0.6044058	0.6311883	0.6788284	0.7422664	0.818789	0.8996844	0.9623541	0.9897106	0.9978992	
14	0.5644288	0.5542479	0.5678139	0.6023433	0.652764	0.717722	0.7960659	0.8822153	0.9524644	0.9869082	
15	0.5212694	0.5151422	0.5207618	0.5484999	0.5861142	0.6379246	0.7031796	0.7823801	0.8704734	0.9452909	
16	0.5190385	0.4865014	0.4929132	0.5038675	0.536511	0.5777366	0.6300283	0.6954432	0.7748531	0.8639996	
17	0.5360929	0.4953507	0.4743402	0.4840835	0.4962129	0.5305791	0.5730194	0.6261308	0.6915659	0.7711171	
18	0.5932898	0.5197794	0.4887646	0.4703042	0.4807638	0.4931759	0.5279122	0.570767	0.6241341	0.6897925	
19	0.6666665	0.5829269	0.5157403	0.4868612	0.4689648	0.4795656	0.4920153	0.5268368	0.5697665	0.6232131	
20	0.7292114	0.6613904	0.5805377	0.5146933	0.486286	0.4685102	0.4791338	0.4915809	0.5264096	0.5693503	
21	0.7790185	0.7125504	0.6414266	0.5552766	0.4840663	0.4518471	0.4303789	0.4388996	0.4490383	0.4831764	
22	0.8717806	0.6324201	0.5541149	0.4694877	0.3897788	0.3520666	0.3365202	0.3473624	0.3613316	0.390489	
23	0.7873984	0.7752262	0.5172038	0.427515	0.3446036	0.290978	0.2620089	0.2634008	0.2755294	0.2979262	
24	0.7322799	0.715496	0.6992658	0.4215973	0.332946	0.269691	0.2190965	0.196959	0.1960862	0.2089662	
25	0.6903921	0.6681662	0.6484324	0.627518	0.3406748	0.2694318	0.2074472	0.159732	0.1328066	0.1293733	
26	0.6192054	0.58853	0.5630811	0.5367604	0.5076891	0.2926727	0.2232729	0.1635047	0.109844	0.07859032	
27	0.6097382	0.573471	0.5457249	0.5179145	0.4874994	0.4532756	0.2715338	0.2068245	0.142402	0.08436082	
28	0.6082359	0.5666538	0.5360673	0.5068656	0.4754624	0.4403234	0.4003107	0.2768966	0.2100118	0.1426896	
29	0.6520613	0.60568	0.5734259	0.5446929	0.515007	0.4822502	0.4451321	0.4024202	0.2905961	0.2245184	
30	0.6824843	0.6373859	0.602132	0.5727303	0.5434937	0.51212	0.4769083	0.4365444	0.3895616	0.3140419	
31	0.7186762	0.6780482	0.6505425	0.6270645	0.6005374	0.5722434	0.5409515	0.5053218	0.4639778	0.4152209	
32	0.7296294	0.6989093	0.6815493	0.6715578	0.6555854	0.6340197	0.6069423	0.5761718	0.5405724	0.4986897	
33	0.7351492	0.6993023	0.6908303	0.6936898	0.6964088	0.6917236	0.6742441	0.6496872	0.6201285	0.5853503	
34	0.7347468	0.7105891	0.6970148	0.6990687	0.7111383	0.7276256	0.7328315	0.7222669	0.7006157	0.6734021	
35	0.7075888	0.6999385	0.7001244	0.7072727	0.7185174	0.7381393	0.7634973	0.7812794	0.7781319	0.7614721	
36	0.6777605	0.668427	0.6788145	0.697333	0.7184004	0.7445987	0.7733135	0.8075441	0.835064	0.8417944	
37	0.632632	0.6332758	0.6362966	0.6618212	0.6894578	0.7245943	0.7632752	0.8075543	0.8527126	0.8905318	
38	0.6274944	0.5922822	0.6027241	0.6099924	0.6400415	0.6757725	0.7172308	0.7669862	0.8225278	0.8819759	
39	0.6339307	0.5924119	0.563036	0.5758786	0.5836269	0.6155976	0.65359	0.6996039	0.7540282	0.8175241	
40	0.6974089	0.6047959	0.5657088	0.5353458	0.5481355	0.555037	0.5876957	0.6269226	0.6749514	0.7330213	
41	0.7392943	0.6762972	0.5804097	0.5390479	0.5056819	0.5175602	0.5228874	0.5557052	0.5956469	0.6453103	
42	0.787877	0.7231838	0.657148	0.5551178	0.5099256	0.472526	0.4829336	0.4860316	0.5185377	0.5587566	
43	0.8489152	0.7756616	0.7073748	0.6367337	0.5271721	0.4771759	0.4347946	0.4431113	0.4431545	0.4747234	
44	0.8102676	0.6412465	0.552386	0.4669485	0.3949693	0.3492034	0.3275858	0.3342048	0.3518194	0.3799114	
45	0.7609249	0.7468318	0.5648985	0.4663199	0.3876604	0.3307372	0.2862338	0.2684081	0.2730108	0.2913929	
46	0.7147903	0.6965564	0.6790513	0.4824314	0.3913839	0.328656	0.2722668	0.2290879	0.2065152	0.208281	
47	0.6681295	0.6441204	0.6228914	0.6003746	0.4100347	0.3371997	0.2756163	0.220436	0.1707903	0.1429963	
48	0.6237876	0.592282	0.5673253	0.5413465	0.5125434	0.3685011	0.2993309	0.2408052	0.1796888	0.1240454	
49	0.6271711	0.5899868	0.5630628	0.5372458	0.5083269	0.4755281	0.3528845	0.2918542	0.2297777	0.1645719	
50	0.6444333	0.6012605	0.5713627	0.5448395	0.5175399	0.4856986	0.4490106	0.3646965	0.3030452	0.2397251	
51	0.6894563	0.6416527	0.6091867	0.5833235	0.5588195	0.5330505	0.5003146	0.4619863	0.3845985	0.3262293	
52	0.7273825	0.6818673	0.6461696	0.6186501	0.5946724	0.5712843	0.5463261	0.5128632	0.4724511	0.4161468	
53	0.765324	0.7173332	0.6847908	0.6613352	0.6404923	0.6213579	0.6021647	0.5815318	0.5488075	0.5082086	
54	0.8124003	0.7614515	0.7266906	0.7019029	0.6838902	0.6687807	0.6541695	0.639335	0.6232557	0.592674	
55	0.8631417	0.8065866	0.7692891	0.742799	0.7240479	0.7112451	0.7012582	0.6924122	0.6836688	0.6744147	
56	0.9054911	0.8665248	0.8226168	0.7929806	0.7718206	0.757555	0.7491965	0.7439886	0.740513	0.7380641	
57	0.9379483	0.9042598	0.8757336	0.844663	0.8230714	0.8075247	0.7980416	0.7945039	0.7945932	0.797217	
58	0.9607359	0.9362134	0.9060176	0.8865989	0.8630469	0.8518721	0.8432321	0.8391926	0.8409052	0.8466793	
59	0.9820429	0.9568781	0.9323695	0.9049206	0.8877153	0.8697896	0.8642152	0.863093	0.8644401	0.8709333	
60	0.995832	0.9802778	0.9540698	0.928486	0.8997276	0.8830849	0.8650637	0.8618534	0.8630772	0.8678163	
61	0.9991491	0.9952307	0.9788854	0.951177	0.9239582	0.8931541	0.8750641	0.8557007	0.8519408	0.8534127	
62	0.9998642	0.9989979	0.9948939	0.9775899	0.9480949	0.9188864	0.8855563	0.8655346	0.8438179	0.8388212	
63	0.9243662	0.9205765	0.9155056	0.9064892	0.8912793	0.8757828	0.8570516	0.8433759	0.8277953	0.8203217	
64	0.892401	0.8852837	0.8797536	0.8724971	0.8630693	0.8528	0.8409225	0.8296723	0.8174357	0.806889	
65	0.8866181	0.8719345	0.8648415	0.858594	0.8508945	0.8422858	0.8324428	0.8218884	0.8103982	0.798969	
66	0.8434778	0.8142167	0.8035327	0.7980169	0.7932773	0.7875086	0.7809044	0.7740182	0.7666259	0.7619256	
67	0.6837721	0.6142403	0.5955903	0.5912599	0.5916383	0.5930534	0.5943952	0.5959239	0.6003732	0.6070435	
68	0.6561769	0.6290365	0.5687105	0.5527051	0.5492427	0.5501174	0.5520135	0.5539219	0.5561273	0.5619567	
69	0.9394853	0.6317078	0.6034367	0.5509534	0.5364054	0.5329029	0.5333851	0.5347604	0.5360666	0.5375877	
70	0.8332486	0.7856817	0.4776938	0.460614	0.4246976	0.4187972	0.4226995	0.4309606	0.4414235	0.453596	
71	0.7920271	0.785898	0.7386041	0.4151802	0.4022638	0.3775237	0.3751767	0.3809993	0.3906938	0.4028279	
72	0.8116907	0.6304548	0.6235412	0.5690465	0.3441553	0.3371985	0.3220253	0.3228508	0.3295828	0.3398456	
73	0.6086031	0.5313006	0.329747	0.3072289	0.297807	0.2904044	0.2828006	0.27539	0.2767939	0.2822563	
74	0.6776382	0.590097	0.5084567	0.2941417	0.2688308	0.2581654	0.2487314	0.2394188	0.2357988	0.2367332	
75	0.9861649	0.6779051	0.5890212	0.5026812	0.291935	0.2647897	0.2530737	0.2425223	0.2319163	0.2299028	
76	0.9562176	0.953712	0.6878415	0.5983856	0.5074359	0.2830022	0.2560571	0.2451884	0.2338523	0.223239	
77	0.8323968	0.781871	0.7695558	0.5099805	0.4113306	0.3157532	0.2818847	0.252781	0.2407336	0.227962	
78	0.8391666	0.8138516	0.7725154	0.7590492	0.517801	0.4169475	0.3151605	0.2786921	0.2479115	0.2355051	
79	0.9086864	0.7473215	0.7200057	0.6743737	0.6539449	0.4284249	0.3656657	0.3210948	0.2834558	0.25031	
80	0.9034718	0.9045663	0.7471779	0.7190399	0.6743615	0.6526114	0.4399177	0.3766424	0.3295607	0.2894749	
81	0.8439837	0.8002169	0.8064868	0.6779657	0.6626405	0.6360071	0.6275393	0.4403972	0.3840317	0.33884	
82	0.7294729	0.7448441	0.7137475	0.722757	0.6136858	0.6200081	0.6060251	0.608573	0.4453213	0.3951343	
83	0.6552871	0.6610287	0.6863506	0.6607163	0.6710229	0.5732297	0.5884557	0.5896044	0.5976198	0.4580698	
84	0.622278	0.6077217	0.6207898	0.6490928	0.6259238	0.6371156	0.5474953	0.5670657	0.5768511	0.5915405	
85	0.6275793	0.5864166	0.5752107	0.5899637	0.619306	0.5981094	0.6102769	0.5291258	0.551021	0.5671904	
86	0.6687913	0.6007868	0.5585636	0.5465032	0.5611165	0.5908213	0.5714943	0.5847277	0.5132537	0.5372085	
87	0.7414851	0.6483785	0.5767536	0.5311432	0.5169345	0.5307135	0.5604405	0.5435937	0.5581542	0.5000308	
88	0.9501247	0.6903489	0.6032859	0.5374331	0.4958047	0.4834157	0.4967495	0.5264474	0.5154057	0.5329019	
89	0.9107512	0.9117934	0.6407627	0.5507391	0.4903394	0.4570091	0.4449578	0.4579745	0.4870583	0.4833461	
90	0.8549117	0.8495878	0.8527622	0.5660202	0.4854094	0.4428057	0.4130573	0.4019343	0.4131801	0.4411206	
91	0.7819672	0.7664378	0.7605624	0.7620743	0.4787765	0.4273762	0.3928932	0.3670811	0.3532251	0.3622371	
92	0.6033953	0.5727154	0.5494151	0.5333546	0.5231819	0.4102155	0.3719258	0.345817	0.3171441	0.3000123	
93	0.5576397	0.5077122	0.4751038	0.4475186	0.4261035	0.4097396	0.3475856	0.3266847	0.2988201	0.2671641	
94	0.5538468	0.4912159	0.4423555	0.4078002	0.377053	0.3516102	0.3305224	0.307379	0.285612	0.2576494	
95	0.6136058	0.5259619	0.4670346	0.4185372	0.3831751	0.3508201	0.3232666	0.2997069	0.2809627	0.2593085	
96	0.6770202	0.5992309	0.5170896	0.4593699	0.4105069	0.3742261	0.3403847	0.3110247	0.2854257	0.2709116	
97	0.7615856	0.6786628	0.6082828	0.5276725	0.4699135	0.4202798	0.3832215	0.3482885	0.3177583	0.2909658	
98	0.8644833	0.7736491	0.6995573	0.6317868	0.5505376	0.4919401	0.4412589	0.4035466	0.3678278	0.3366263	
99	0.8667648	0.7894181	0.7122927	0.6485323	0.5895342	0.5412066	0.4992958	0.4637786	0.4289801	0.3960111	
100	0.7930887	0.8124801	0.7481538	0.6885605	0.6399445	0.5957012	0.5576457	0.5262874	0.4950814	0.4647499	
101	0.6792203	0.699506	0.726797	0.7028677	0.6668899	0.64259	0.6090441	0.5825462	0.5565966	0.531458	
102	0.5813552	0.5986824	0.6244452	0.6574928	0.6538308	0.6601373	0.6537045	0.6323967	0.6119375	0.5928309	
103	0.5093114	0.5147686	0.5321099	0.5593353	0.5919306	0.6155726	0.6418066	0.6645831	0.6521131	0.6390082	
104	0.4817508	0.4666372	0.4738346	0.4907999	0.5175513	0.5503812	0.5827231	0.6239708	0.6593061	0.6580291	
105	0.4723437	0.4488514	0.4377227	0.4456134	0.4629852	0.4900992	0.5234975	0.5626644	0.6082788	0.6523862	
106	0.5031035	0.4494355	0.4311572	0.4224001	0.4315638	0.4501582	0.4787022	0.5139669	0.5563772	0.6068238	
107	0.5924569	0.4816498	0.4347395	0.4197331	0.4133068	0.4240245	0.4443348	0.4750096	0.5130693	0.5597113	
108	0.9808581	0.5582502	0.446338	0.4029096	0.3918469	0.3989921	0.4166717	0.4435631	0.4778656	0.5202845	
109	0.9705857	0.966993	0.525909	0.4111912	0.3694152	0.3657657	0.3774935	0.399771	0.4290068	0.4662329	
110	0.9518877	0.9454518	0.9407007	0.4771561	0.3648896	0.3323014	0.332149	0.3488057	0.3729781	0.4046752	
111	0.9135282	0.9026174	0.8939773	0.8862458	0.4040815	0.3114733	0.2878653	0.294147	0.3114404	0.3374099	
112	0.844117	0.8274022	0.8128153	0.7991251	0.7853237	0.335406	0.2492964	0.2406942	0.2487369	0.267822	
113	0.8138762	0.7942931	0.7768027	0.75981	0.742712	0.7245814	0.2683551	0.1936562	0.1858307	0.1991423	
114	0.767267	0.7464084	0.7264716	0.7062226	0.6851881	0.6627432	0.6379665	0.2154213	0.1355454	0.1319849	
115	0.7572553	0.7376164	0.7192564	0.6996252	0.678617	0.6557384	0.6303516	0.6015394	0.1578576	0.08118873	
116	0.5592678	0.5347593	0.5079638	0.4783693	0.4451948	0.4078342	0.3652998	0.3163469	0.2593138	0.1113037	
117	0.5894275	0.5655877	0.5413638	0.5142373	0.4837639	0.4492406	0.4098792	0.3644815	0.3115204	0.2489307	
118	0.6583296	0.6079577	0.5845696	0.5600497	0.5324044	0.5011162	0.4653712	0.4242264	0.3762435	0.3195383	
119	0.7407383	0.6851589	0.634177	0.6109672	0.5865651	0.5588451	0.5272108	0.4907237	0.4482629	0.398103	
120	0.8296598	0.7731205	0.7168456	0.664739	0.6419924	0.618032	0.5905798	0.5589533	0.5220708	0.4785997	
121	0.9270397	0.8693673	0.8125917	0.7553414	0.702387	0.6806358	0.6577242	0.6312136	0.6003379	0.5638647	
122	0.9846114	0.9722386	0.9147187	0.8572961	0.7992635	0.7457085	0.7254986	0.7042757	0.6794353	0.6501364	
123	0.9924415	0.9858745	0.9774375	0.9663332	0.9093257	0.8509148	0.7972245	0.7794231	0.7609253	0.7389767	
124	0.9964008	0.9931751	0.9890406	0.983721	0.9768596	0.96781	0.9102128	0.8569761	0.842671	0.8282414	
125	0.9989809	0.9976676	0.9961988	0.9943165	0.991891	0.9887527	0.9846751	0.9792661	0.9282326	0.9191294	
126	0.9999708	0.9999417	0.9999023	0.9998514	0.9997942	0.9997204	0.9996248	0.9995	0.9993361	0.999119	
127	1	1	1	1	1	1	1	1	1	1	
128	1	1	1	1	1	1	1	1	1	1	
129	1	1	1	1	1	1	1	1	1	1	
130	1	1	1	1	1	1	1	1	1	1	
131	1	1	1	1	1	1	1	1	1	1	
132	1	1	1	1	1	1	1	1	1	1	
133	1	1	1	1	1	1	1	1	1	1	
134	1	1	1	1	1	1	1	1	1	1	
135	1	1	1	1	1	1	1	1	1	1	
136	1	1	1	1	1	1	1	1	1	1	
137	1	1	1	1	1	1	1	1	1	1	
138	1	1	1	1	1	1	1	1	1	1	
139	1	1	1	1	1	1	1	1	1	1	
140	1	1	1	1	1	1	1	1	1	1	
141	1	1	1	1	1	1	1	1	1	1	
142	1	1	1	1	1	1	1	1	1	1	
143	1	1	1	1	1	1	1	1	1	1	
144	1	1	1	1	1	1	1	1	1	1	
