1  46  0.0129445
1  48  0.101286
1  50  0.637118
2  47  0.0661202
2  49  0.415792
2  51  0.691609
3  46  0.0456121
3  48  0.286749
3  50  0.30575
3  52  0.582158
4  45  0.0345562
4  47  0.217161
4  49  0.24587
4  51  0.297759
4  53  0.691609
5  44  0.0276828
5  46  0.173916
5  48  0.198224
5  50  0.188284
5  52  0.312193
5  54  0.582158
6  43  0.0230836
6  45  0.144965
6  47  0.165532
6  49  0.159059
6  51  0.204264
6  53  0.297759
6  55  0.691609
7  42  0.0197915
7  44  0.124253
7  46  0.141917
7  48  0.13653
7  50  0.147436
7  52  0.188778
7  54  0.312193
7  56  0.582158
8  41  0.0173234
8  43  0.108716
8  45  0.124186
8  47  0.119506
8  49  0.129356
8  51  0.137028
8  53  0.204264
8  55  0.297759
8  57  0.691609
9  40  0.0154024
9  42  0.096632
9  44  0.11039
9  46  0.10623
9  48  0.115015
9  50  0.106772
9  52  0.147493
9  54  0.188778
9  56  0.312193
9  58  0.582158
10  39  0.0138667
10  41  0.0869634
10  43  0.0993523
10  45  0.0956061
10  47  0.103523
10  49  0.0961375
10  51  0.115068
10  53  0.137028
10  55  0.204264
10  57  0.297759
10  59  0.691609
11  38  0.0126093
11  40  0.079054
11  42  0.0903213
11  44  0.0869135
11  46  0.0941134
11  48  0.0874006
11  50  0.0941794
11  52  0.106777
11  54  0.147493
11  56  0.188778
11  58  0.312193
11  60  0.582158
12  37  0.0115623
12  39  0.0724617
12  41  0.0827957
12  43  0.0796694
12  45  0.0862723
12  47  0.0801169
12  49  0.0863397
12  51  0.0874067
12  53  0.115068
12  55  0.137028
12  57  0.204264
12  59  0.297759
12  61  0.691609
13  36  0.0106755
13  38  0.0668846
13  40  0.0764277
13  42  0.0735399
13  44  0.079637
13  46  0.0739532
13  48  0.0796999
13  50  0.0739627
13  52  0.0941801
13  54  0.106777
13  56  0.147493
13  58  0.188778
13  60  0.312193
13  62  0.582158
14  37  0.0621033
14  39  0.0709696
14  41  0.0682859
14  43  0.0739499
14  45  0.0686698
14  47  0.0740085
14  49  0.0686795
14  51  0.0796995
14  53  0.0874067
14  55  0.115068
14  57  0.137028
14  59  0.204264
14  61  0.297759
14  63  0.691609
15  36  0.0579604
15  38  0.066239
15  40  0.0637326
15  42  0.0690208
15  44  0.064091
15  46  0.0690755
15  48  0.0641002
15  50  0.0690745
15  52  0.0739627
15  54  0.0941801
15  56  0.106777
15  58  0.147493
15  60  0.188778
15  62  0.312193
15  64  0.582158
16  35  0.0543345
16  37  0.0621
16  39  0.0597483
16  41  0.0647081
16  43  0.0600844
16  45  0.0647594
16  47  0.060093
16  49  0.0647586
16  51  0.064101
16  53  0.0796995
16  55  0.0874067
16  57  0.115068
16  59  0.137028
16  61  0.204264
16  63  0.297759
16  65  0.691609
17  34  0.051136
17  36  0.0584477
17  38  0.0562329
17  40  0.0609025
17  42  0.0565493
17  44  0.0609508
17  46  0.0565574
17  48  0.0609501
17  50  0.0565592
17  52  0.0690745
17  54  0.0739627
17  56  0.0941801
17  58  0.106777
17  60  0.147493
17  62  0.188778
17  64  0.312193
17  66  0.582158
18  33  0.0482921
18  35  0.0552014
18  37  0.0531079
18  39  0.05752
18  41  0.0534068
18  43  0.0575657
18  45  0.0534145
18  47  0.057565
18  49  0.0534162
18  51  0.0609494
18  53  0.064101
18  55  0.0796995
18  57  0.0874067
18  59  0.115068
18  61  0.137028
18  63  0.204264
18  65  0.297759
18  67  0.691609
19  32  0.0457479
19  34  0.0522966
19  36  0.0503121
19  38  0.0544933
19  40  0.0505953
19  42  0.0545366
19  44  0.0506026
19  46  0.054536
19  48  0.0506042
19  50  0.0545344
19  52  0.0565592
19  54  0.0690745
19  56  0.0739627
19  58  0.0941801
19  60  0.106777
19  62  0.147493
19  64  0.188778
19  66  0.312193
19  68  0.582158
20  31  0.0434556
20  33  0.0496822
20  35  0.0477956
20  37  0.0517696
20  39  0.0480648
20  41  0.0518107
20  43  0.0480717
20  45  0.0518101
20  47  0.0480733
20  49  0.0518086
20  51  0.0506049
20  53  0.0609494
20  55  0.064101
20  57  0.0796995
20  59  0.0874067
20  61  0.115068
20  63  0.137028
20  65  0.204264
20  67  0.297759
20  69  0.691609
21  30  0.0413595
21  32  0.0473143
21  34  0.0455187
21  36  0.0493049
21  38  0.0457754
21  40  0.0493441
21  42  0.045782
21  44  0.0493436
21  46  0.0457835
21  48  0.0493422
21  50  0.0457849
21  52  0.0545344
21  54  0.0565592
21  56  0.0690745
21  58  0.0739627
21  60  0.0941801
21  62  0.106777
21  64  0.147493
21  66  0.188778
21  68  0.312193
21  70  0.582158
22  29  0.0387365
22  31  0.0451444
22  33  0.0434466
22  35  0.0470644
22  37  0.043694
22  39  0.047102
22  41  0.0437003
22  43  0.0471015
22  45  0.0437017
22  47  0.0471002
22  49  0.0437031
22  51  0.0493416
22  53  0.0506049
22  55  0.0609494
22  57  0.064101
22  59  0.0796995
22  61  0.0874067
22  63  0.115068
22  65  0.137028
22  67  0.204264
22  69  0.297759
22  71  0.691609
23  28  0.0301012
23  30  0.042323
23  32  0.0415321
23  34  0.0450161
23  36  0.0417935
23  38  0.0450547
23  40  0.0417998
23  42  0.0450542
23  44  0.0418012
23  46  0.045053
23  48  0.0418024
23  50  0.0450517
23  52  0.0457849
23  54  0.0545344
23  56  0.0565592
23  58  0.0690745
23  60  0.0739627
23  62  0.0941801
23  64  0.106777
23  66  0.147493
23  68  0.188778
23  70  0.312193
23  72  0.582158
24  29  0.0347701
24  31  0.0390542
24  33  0.0431222
24  35  0.0400494
24  37  0.043178
24  39  0.0400575
24  41  0.0431777
24  43  0.0400588
24  45  0.0431765
24  47  0.04006
24  49  0.0431753
24  51  0.041803
24  53  0.0493416
24  55  0.0506049
24  57  0.0609494
24  59  0.064101
24  61  0.0796995
24  63  0.0874067
24  65  0.115068
24  67  0.137028
24  69  0.204264
24  71  0.297759
24  73  0.691609
25  30  0.0304595
25  32  0.0405743
25  34  0.0384239
25  36  0.041449
25  38  0.0384544
25  40  0.0414511
25  42  0.038456
25  44  0.04145
25  46  0.0384571
25  48  0.0414488
25  50  0.0384583
25  52  0.0450517
25  54  0.0457849
25  56  0.0545344
25  58  0.0565592
25  60  0.0690745
25  62  0.0739627
25  64  0.0941801
25  66  0.106777
25  68  0.147493
25  70  0.188778
25  72  0.312193
25  74  0.582158
26  31  0.0334451
26  33  0.0362523
26  35  0.039838
26  37  0.0369729
26  39  0.0398573
26  41  0.0369763
26  43  0.0398564
26  45  0.0369774
26  47  0.0398553
26  49  0.0369786
26  51  0.0414483
26  53  0.041803
26  55  0.0493416
26  57  0.0506049
26  59  0.0609494
26  61  0.064101
26  63  0.0796995
26  65  0.0874067
26  67  0.115068
26  69  0.137028
26  71  0.204264
26  73  0.297759
26  75  0.691609
27  32  0.0283615
27  34  0.0375998
27  36  0.0355818
27  38  0.0383795
27  40  0.0356061
27  42  0.0383808
27  44  0.0356075
27  46  0.0383797
27  48  0.0356086
27  50  0.0383786
27  52  0.0384583
27  54  0.0450517
27  56  0.0457849
27  58  0.0545344
27  60  0.0565592
27  62  0.0690745
27  64  0.0739627
27  66  0.0941801
27  68  0.106777
27  70  0.147493
27  72  0.188778
27  74  0.312193
27  76  0.582158
28  33  0.0310818
28  35  0.0336668
28  37  0.0369931
28  39  0.0343322
28  41  0.0370105
28  43  0.0343352
28  45  0.0370096
28  47  0.0343363
28  49  0.0370086
28  51  0.035609
28  53  0.0414483
28  55  0.041803
28  57  0.0493416
28  59  0.0506049
28  61  0.0609494
28  63  0.064101
28  65  0.0796995
28  67  0.0874067
28  69  0.115068
28  71  0.137028
28  73  0.204264
28  75  0.297759
28  77  0.691609
29  34  0.0264086
29  36  0.0350074
29  38  0.033128
29  40  0.0357327
29  42  0.0331506
29  44  0.0357339
29  46  0.0331519
29  48  0.0357329
29  50  0.0331528
29  52  0.0383786
29  54  0.0384583
29  56  0.0450517
29  58  0.0457849
29  60  0.0545344
29  62  0.0565592
29  64  0.0690745
29  66  0.0739627
29  68  0.0941801
29  70  0.106777
29  72  0.147493
29  74  0.188778
29  76  0.312193
29  78  0.582158
30  35  0.0290102
30  37  0.0314225
30  39  0.034527
30  41  0.0320434
30  43  0.0345432
30  45  0.0320463
30  47  0.0345424
30  49  0.0320473
30  51  0.0357325
30  53  0.035609
30  55  0.0414483
30  57  0.041803
30  59  0.0493416
30  61  0.0506049
30  63  0.0609494
30  65  0.064101
30  67  0.0796995
30  69  0.0874067
30  71  0.115068
30  73  0.137028
30  75  0.204264
30  77  0.297759
30  79  0.691609
31  36  0.0247049
31  38  0.032749
31  40  0.0309908
31  42  0.0334274
31  44  0.0310119
31  46  0.0334286
31  48  0.0310131
31  50  0.0334276
31  52  0.0331528
31  54  0.0383786
31  56  0.0384583
31  58  0.0450517
31  60  0.0457849
31  62  0.0545344
31  64  0.0565592
31  66  0.0690745
31  68  0.0739627
31  70  0.0941801
31  72  0.106777
31  74  0.147493
31  76  0.188778
31  78  0.312193
31  80  0.582158
32  37  0.0271972
32  39  0.0294586
32  41  0.0323691
32  43  0.0300408
32  45  0.0323843
32  47  0.0300434
32  49  0.0323836
32  51  0.0310135
32  53  0.0357325
32  55  0.035609
32  57  0.0414483
32  59  0.041803
32  61  0.0493416
32  63  0.0506049
32  65  0.0609494
32  67  0.064101
32  69  0.0796995
32  71  0.0874067
32  73  0.115068
32  75  0.137028
32  77  0.204264
32  79  0.297759
32  81  0.691609
33  38  0.0232077
33  40  0.0307642
33  42  0.0291126
33  44  0.0314016
33  46  0.0291325
33  48  0.0314026
33  50  0.0291336
33  52  0.0334276
33  54  0.0331528
33  56  0.0383786
33  58  0.0384583
33  60  0.0450517
33  62  0.0457849
33  64  0.0545344
33  66  0.0565592
33  68  0.0690745
33  70  0.0739627
33  72  0.0941801
33  74  0.106777
33  76  0.147493
33  78  0.188778
33  80  0.312193
33  82  0.582158
34  39  0.0255974
34  41  0.0277258
34  43  0.0304651
34  45  0.0282737
34  47  0.0304794
34  49  0.0282762
34  51  0.0314023
34  53  0.0310135
34  55  0.0357325
34  57  0.035609
34  59  0.0414483
34  61  0.041803
34  63  0.0493416
34  65  0.0506049
34  67  0.0609494
34  69  0.064101
34  71  0.0796995
34  73  0.0874067
34  75  0.115068
34  77  0.137028
34  79  0.204264
34  81  0.297759
34  83  0.691609
35  40  0.0218816
35  42  0.0290063
35  44  0.0274491
35  46  0.0296073
35  48  0.0274678
35  50  0.0296083
35  52  0.0291336
35  54  0.0334276
35  56  0.0331528
35  58  0.0383786
35  60  0.0384583
35  62  0.0450517
35  64  0.0457849
35  66  0.0545344
35  68  0.0565592
35  70  0.0690745
35  72  0.0739627
35  74  0.0941801
35  76  0.106777
35  78  0.147493
35  80  0.188778
35  82  0.312193
35  84  0.582158
36  41  0.0241754
36  43  0.0261856
36  45  0.0287727
36  47  0.026703
36  49  0.0287862
36  51  0.0274684
36  53  0.0314023
36  55  0.0310135
36  57  0.0357325
36  59  0.035609
36  61  0.0414483
36  63  0.041803
36  65  0.0493416
36  67  0.0506049
36  69  0.0609494
36  71  0.064101
36  73  0.0796995
36  75  0.0874067
36  77  0.115068
36  79  0.137028
36  81  0.204264
36  83  0.297759
36  85  0.691609
37  42  0.0206989
37  44  0.0274385
37  46  0.0259654
37  48  0.028007
37  50  0.0259831
37  52  0.0296083
37  54  0.0291336
37  56  0.0334276
37  58  0.0331528
37  60  0.0383786
37  62  0.0384583
37  64  0.0450517
37  66  0.0457849
37  68  0.0545344
37  70  0.0565592
37  72  0.0690745
37  74  0.0739627
37  76  0.0941801
37  78  0.106777
37  80  0.147493
37  82  0.188778
37  84  0.312193
37  86  0.582158
38  43  0.022903
38  45  0.0248074
38  47  0.0272584
38  49  0.0252977
38  51  0.0280082
38  53  0.0274684
38  55  0.0314023
38  57  0.0310135
38  59  0.0357325
38  61  0.035609
38  63  0.0414483
38  65  0.041803
38  67  0.0493416
38  69  0.0506049
38  71  0.0609494
38  73  0.064101
38  75  0.0796995
38  77  0.0874067
38  79  0.115068
38  81  0.137028
38  83  0.204264
38  85  0.297759
38  87  0.691609
39  44  0.0196374
39  46  0.0260315
39  48  0.0246339
39  50  0.0265708
39  52  0.0259831
39  54  0.0296083
39  56  0.0291336
39  58  0.0334276
39  60  0.0331528
39  62  0.0383786
39  64  0.0384583
39  66  0.0450517
39  68  0.0457849
39  70  0.0545344
39  72  0.0565592
39  74  0.0690745
39  76  0.0739627
39  78  0.0941801
39  80  0.106777
39  82  0.147493
39  84  0.188778
39  86  0.312193
39  88  0.582158
40  45  0.0217579
40  47  0.0235671
40  49  0.0258955
40  51  0.024649
40  53  0.0280082
40  55  0.0274684
40  57  0.0314023
40  59  0.0310135
40  61  0.0357325
40  63  0.035609
40  65  0.0414483
40  67  0.041803
40  69  0.0493416
40  71  0.0506049
40  73  0.0609494
40  75  0.064101
40  77  0.0796995
40  79  0.0874067
40  81  0.115068
40  83  0.137028
40  85  0.204264
40  87  0.297759
40  89  0.691609
41  46  0.0186796
41  48  0.0247617
41  50  0.0234323
41  52  0.0265708
41  54  0.0259831
41  56  0.0296083
41  58  0.0291336
41  60  0.0334276
41  62  0.0331528
41  64  0.0383786
41  66  0.0384583
41  68  0.0450517
41  70  0.0457849
41  72  0.0545344
41  74  0.0565592
41  76  0.0690745
41  78  0.0739627
41  80  0.0941801
41  82  0.106777
41  84  0.147493
41  86  0.188778
41  88  0.312193
41  90  0.582158
42  47  0.0207219
42  49  0.0224449
42  51  0.025264
42  53  0.024649
42  55  0.0280082
42  57  0.0274684
42  59  0.0314023
42  61  0.0310135
42  63  0.0357325
42  65  0.035609
42  67  0.0414483
42  69  0.041803
42  71  0.0493416
42  73  0.0506049
42  75  0.0609494
42  77  0.064101
42  79  0.0796995
42  81  0.0874067
42  83  0.115068
42  85  0.137028
42  87  0.204264
42  89  0.297759
42  91  0.691609
43  48  0.0178108
43  50  0.02361
43  52  0.0234323
43  54  0.0265708
43  56  0.0259831
43  58  0.0296083
43  60  0.0291336
43  62  0.0334276
43  64  0.0331528
43  66  0.0383786
43  68  0.0384583
43  70  0.0450517
43  72  0.0457849
43  74  0.0545344
43  76  0.0565592
43  78  0.0690745
43  80  0.0739627
43  82  0.0941801
43  84  0.106777
43  86  0.147493
43  88  0.188778
43  90  0.312193
43  92  0.582158
44  49  0.01978
44  51  0.021923
44  53  0.025264
44  55  0.024649
44  57  0.0280082
44  59  0.0274684
44  61  0.0314023
44  63  0.0310135
44  65  0.0357325
44  67  0.035609
44  69  0.0414483
44  71  0.041803
44  73  0.0493416
44  75  0.0506049
44  77  0.0609494
44  79  0.064101
44  81  0.0796995
44  83  0.0874067
44  85  0.115068
44  87  0.137028
44  89  0.204264
44  91  0.297759
44  93  0.691609
45  50  0.0170192
45  52  0.02361
45  54  0.0234323
45  56  0.0265708
45  58  0.0259831
45  60  0.0296083
45  62  0.0291336
45  64  0.0334276
45  66  0.0331528
45  68  0.0383786
45  70  0.0384583
45  72  0.0450517
45  74  0.0457849
45  76  0.0545344
45  78  0.0565592
45  80  0.0690745
45  82  0.0739627
45  84  0.0941801
45  86  0.106777
45  88  0.147493
45  90  0.188778
45  92  0.312193
45  94  0.582158
46  51  0.0193405
46  53  0.021923
46  55  0.025264
46  57  0.024649
46  59  0.0280082
46  61  0.0274684
46  63  0.0314023
46  65  0.0310135
46  67  0.0357325
46  69  0.035609
46  71  0.0414483
46  73  0.041803
46  75  0.0493416
46  77  0.0506049
46  79  0.0609494
46  81  0.064101
46  83  0.0796995
46  85  0.0874067
46  87  0.115068
46  89  0.137028
46  91  0.204264
46  93  0.297759
46  95  0.691609
47  52  0.0170192
47  54  0.02361
47  56  0.0234323
47  58  0.0265708
47  60  0.0259831
47  62  0.0296083
47  64  0.0291336
47  66  0.0334276
47  68  0.0331528
47  70  0.0383786
47  72  0.0384583
47  74  0.0450517
47  76  0.0457849
47  78  0.0545344
47  80  0.0565592
47  82  0.0690745
47  84  0.0739627
47  86  0.0941801
47  88  0.106777
47  90  0.147493
47  92  0.188778
47  94  0.312193
47  96  0.582158
48  53  0.0193405
48  55  0.021923
48  57  0.025264
48  59  0.024649
48  61  0.0280082
48  63  0.0274684
48  65  0.0314023
48  67  0.0310135
48  69  0.0357325
48  71  0.035609
48  73  0.0414483
48  75  0.041803
48  77  0.0493416
48  79  0.0506049
48  81  0.0609494
48  83  0.064101
48  85  0.0796995
48  87  0.0874067
48  89  0.115068
48  91  0.137028
48  93  0.204264
48  95  0.297759
48  97  0.691609
49  54  0.0170192
49  56  0.02361
49  58  0.0234323
49  60  0.0265708
49  62  0.0259831
49  64  0.0296083
49  66  0.0291336
49  68  0.0334276
49  70  0.0331528
49  72  0.0383786
49  74  0.0384583
49  76  0.0450517
49  78  0.0457849
49  80  0.0545344
49  82  0.0565592
49  84  0.0690745
49  86  0.0739627
49  88  0.0941801
49  90  0.106777
49  92  0.147493
49  94  0.188778
49  96  0.312193
49  98  0.582158
50  55  0.0193405
50  57  0.021923
50  59  0.025264
50  61  0.024649
50  63  0.0280082
50  65  0.0274684
50  67  0.0314023
50  69  0.0310135
50  71  0.0357325
50  73  0.035609
50  75  0.0414483
50  77  0.041803
50  79  0.0493416
50  81  0.0506049
50  83  0.0609494
50  85  0.064101
50  87  0.0796995
50  89  0.0874067
50  91  0.115068
50  93  0.137028
50  95  0.204264
50  97  0.297759
50  99  0.691609
51  56  0.0170192
51  58  0.02361
51  60  0.0234323
51  62  0.0265708
51  64  0.0259831
51  66  0.0296083
51  68  0.0291336
51  70  0.0334276
51  72  0.0331528
51  74  0.0383786
51  76  0.0384583
51  78  0.0450517
51  80  0.0457849
51  82  0.0545344
51  84  0.0565592
51  86  0.0690745
51  88  0.0739627
51  90  0.0941801
51  92  0.106777
51  94  0.147493
51  96  0.188778
51  98  0.312193
51  100  0.582158
52  57  0.0193405
52  59  0.021923
52  61  0.025264
52  63  0.024649
52  65  0.0280082
52  67  0.0274684
52  69  0.0314023
52  71  0.0310135
52  73  0.0357325
52  75  0.035609
52  77  0.0414483
52  79  0.041803
52  81  0.0493416
52  83  0.0506049
52  85  0.0609494
52  87  0.064101
52  89  0.0796995
52  91  0.0874067
52  93  0.115068
52  95  0.137028
52  97  0.204264
52  99  0.297759
52  101  0.691609
53  58  0.0170192
53  60  0.02361
53  62  0.0234323
53  64  0.0265708
53  66  0.0259831
53  68  0.0296083
53  70  0.0291336
53  72  0.0334276
53  74  0.0331528
53  76  0.0383786
53  78  0.0384583
53  80  0.0450517
53  82  0.0457849
53  84  0.0545344
53  86  0.0565592
53  88  0.0690745
53  90  0.0739627
53  92  0.0941801
53  94  0.106777
53  96  0.147493
53  98  0.188778
53  100  0.312193
53  102  0.582158
54  59  0.0193405
54  61  0.021923
54  63  0.025264
54  65  0.024649
54  67  0.0280082
54  69  0.0274684
54  71  0.0314023
54  73  0.0310135
54  75  0.0357325
54  77  0.035609
54  79  0.0414483
54  81  0.041803
54  83  0.0493416
54  85  0.0506049
54  87  0.0609494
54  89  0.064101
54  91  0.0796995
54  93  0.0874067
54  95  0.115068
54  97  0.137028
54  99  0.204264
54  101  0.297759
54  103  0.691609
55  60  0.0170192
55  62  0.02361
55  64  0.0234323
55  66  0.0265708
55  68  0.0259831
55  70  0.0296083
55  72  0.0291336
55  74  0.0334276
55  76  0.0331528
55  78  0.0383786
55  80  0.0384583
55  82  0.0450517
55  84  0.0457849
55  86  0.0545344
55  88  0.0565592
55  90  0.0690745
55  92  0.0739627
55  94  0.0941801
55  96  0.106777
55  98  0.147493
55  100  0.188778
55  102  0.312193
55  104  0.582158
56  61  0.0193405
56  63  0.021923
56  65  0.025264
56  67  0.024649
56  69  0.0280082
56  71  0.0274684
56  73  0.0314023
56  75  0.0310135
56  77  0.0357325
56  79  0.035609
56  81  0.0414483
56  83  0.041803
56  85  0.0493416
56  87  0.0506049
56  89  0.0609494
56  91  0.064101
56  93  0.0796995
56  95  0.0874067
56  97  0.115068
56  99  0.137028
56  101  0.204264
56  103  0.297759
56  105  0.691609
57  62  0.0170192
57  64  0.02361
57  66  0.0234323
57  68  0.0265708
57  70  0.0259831
57  72  0.0296083
57  74  0.0291336
57  76  0.0334276
57  78  0.0331528
57  80  0.0383786
57  82  0.0384583
57  84  0.0450517
57  86  0.0457849
57  88  0.0545344
57  90  0.0565592
57  92  0.0690745
57  94  0.0739627
57  96  0.0941801
57  98  0.106777
57  100  0.147493
57  102  0.188778
57  104  0.312193
57  106  0.582158
58  63  0.0193405
58  65  0.021923
58  67  0.025264
58  69  0.024649
58  71  0.0280082
58  73  0.0274684
58  75  0.0314023
58  77  0.0310135
58  79  0.0357325
58  81  0.035609
58  83  0.0414483
58  85  0.041803
58  87  0.0493416
58  89  0.0506049
58  91  0.0609494
58  93  0.064101
58  95  0.0796995
58  97  0.0874067
58  99  0.115068
58  101  0.137028
58  103  0.204264
58  105  0.297759
58  107  0.691609
59  64  0.0170192
59  66  0.02361
59  68  0.0234323
59  70  0.0265708
59  72  0.0259831
59  74  0.0296083
59  76  0.0291336
59  78  0.0334276
59  80  0.0331528
59  82  0.0383786
59  84  0.0384583
59  86  0.0450517
59  88  0.0457849
59  90  0.0545344
59  92  0.0565592
59  94  0.0690745
59  96  0.0739627
59  98  0.0941801
59  100  0.106777
59  102  0.147493
59  104  0.188778
59  106  0.312193
59  108  0.582158
60  65  0.0193405
60  67  0.021923
60  69  0.025264
60  71  0.024649
60  73  0.0280082
60  75  0.0274684
60  77  0.0314023
60  79  0.0310135
60  81  0.0357325
60  83  0.035609
60  85  0.0414483
60  87  0.041803
60  89  0.0493416
60  91  0.0506049
60  93  0.0609494
60  95  0.064101
60  97  0.0796995
60  99  0.0874067
60  101  0.115068
60  103  0.137028
60  105  0.204264
60  107  0.297759
60  109  0.691609
61  66  0.0170192
61  68  0.02361
61  70  0.0234323
61  72  0.0265708
61  74  0.0259831
61  76  0.0296083
61  78  0.0291336
61  80  0.0334276
61  82  0.0331528
61  84  0.0383786
61  86  0.0384583
61  88  0.0450517
61  90  0.0457849
61  92  0.0545344
61  94  0.0565592
61  96  0.0690745
61  98  0.0739627
61  100  0.0941801
61  102  0.106777
61  104  0.147493
61  106  0.188778
61  108  0.312193
61  110  0.582158
62  67  0.0193405
62  69  0.021923
62  71  0.025264
62  73  0.024649
62  75  0.0280082
62  77  0.0274684
62  79  0.0314023
62  81  0.0310135
62  83  0.0357325
62  85  0.035609
62  87  0.0414483
62  89  0.041803
62  91  0.0493416
62  93  0.0506049
62  95  0.0609494
62  97  0.064101
62  99  0.0796995
62  101  0.0874067
62  103  0.115068
62  105  0.137028
62  107  0.204264
62  109  0.297759
62  111  0.691609
63  68  0.0170192
63  70  0.02361
63  72  0.0234323
63  74  0.0265708
63  76  0.0259831
63  78  0.0296083
63  80  0.0291336
63  82  0.0334276
63  84  0.0331528
63  86  0.0383786
63  88  0.0384583
63  90  0.0450517
63  92  0.0457849
63  94  0.0545344
63  96  0.0565592
63  98  0.0690745
63  100  0.0739627
63  102  0.0941801
63  104  0.106777
63  106  0.147493
63  108  0.188778
63  110  0.312193
63  112  0.582158
64  69  0.0193405
64  71  0.021923
64  73  0.025264
64  75  0.024649
64  77  0.0280082
64  79  0.0274684
64  81  0.0314023
64  83  0.0310135
64  85  0.0357325
64  87  0.035609
64  89  0.0414483
64  91  0.041803
64  93  0.0493416
64  95  0.0506049
64  97  0.0609494
64  99  0.064101
64  101  0.0796995
64  103  0.0874067
64  105  0.115068
64  107  0.137028
64  109  0.204264
64  111  0.297759
64  113  0.691609
65  70  0.0170192
65  72  0.02361
65  74  0.0234323
65  76  0.0265708
65  78  0.0259831
65  80  0.0296083
65  82  0.0291336
65  84  0.0334276
65  86  0.0331528
65  88  0.0383786
65  90  0.0384583
65  92  0.0450517
65  94  0.0457849
65  96  0.0545344
65  98  0.0565592
65  100  0.0690745
65  102  0.0739627
65  104  0.0941801
65  106  0.106777
65  108  0.147493
65  110  0.188778
65  112  0.312193
65  114  0.582158
66  71  0.0193405
66  73  0.021923
66  75  0.025264
66  77  0.024649
66  79  0.0280082
66  81  0.0274684
66  83  0.0314023
66  85  0.0310135
66  87  0.0357325
66  89  0.035609
66  91  0.0414483
66  93  0.041803
66  95  0.0493416
66  97  0.0506049
66  99  0.0609494
66  101  0.064101
66  103  0.0796995
66  105  0.0874067
66  107  0.115068
66  109  0.137028
66  111  0.204264
66  113  0.297759
66  115  0.691609
67  72  0.0170192
67  74  0.02361
67  76  0.0234323
67  78  0.0265708
67  80  0.0259831
67  82  0.0296083
67  84  0.0291336
67  86  0.0334276
67  88  0.0331528
67  90  0.0383786
67  92  0.0384583
67  94  0.0450517
67  96  0.0457849
67  98  0.0545344
67  100  0.0565592
67  102  0.0690745
67  104  0.0739627
67  106  0.0941801
67  108  0.106777
67  110  0.147493
67  112  0.188778
67  114  0.312193
67  116  0.582158
68  73  0.0193405
68  75  0.021923
68  77  0.025264
68  79  0.024649
68  81  0.0280082
68  83  0.0274684
68  85  0.0314023
68  87  0.0310135
68  89  0.0357325
68  91  0.035609
68  93  0.0414483
68  95  0.041803
68  97  0.0493416
68  99  0.0506049
68  101  0.0609494
68  103  0.064101
68  105  0.0796995
68  107  0.0874067
68  109  0.115068
68  111  0.137028
68  113  0.204264
68  115  0.297759
68  117  0.691609
69  74  0.0170192
69  76  0.02361
69  78  0.0234323
69  80  0.0265708
69  82  0.0259831
69  84  0.0296083
69  86  0.0291336
69  88  0.0334276
69  90  0.0331528
69  92  0.0383786
69  94  0.0384583
69  96  0.0450517
69  98  0.0457849
69  100  0.0545344
69  102  0.0565592
69  104  0.0690745
69  106  0.0739627
69  108  0.0941801
69  110  0.106777
69  112  0.147493
69  114  0.188778
69  116  0.312193
69  118  0.582158
70  75  0.0193405
70  77  0.021923
70  79  0.025264
70  81  0.024649
70  83  0.0280082
70  85  0.0274684
70  87  0.0314023
70  89  0.0310135
70  91  0.0357325
70  93  0.035609
70  95  0.0414483
70  97  0.041803
70  99  0.0493416
70  101  0.0506049
70  103  0.0609494
70  105  0.064101
70  107  0.0796995
70  109  0.0874067
70  111  0.115068
70  113  0.137028
70  115  0.204264
70  117  0.297759
70  119  0.691609
71  76  0.0170192
71  78  0.02361
71  80  0.0234323
71  82  0.0265708
71  84  0.0259831
71  86  0.0296083
71  88  0.0291336
71  90  0.0334276
71  92  0.0331528
71  94  0.0383786
71  96  0.0384583
71  98  0.0450517
71  100  0.0457849
71  102  0.0545344
71  104  0.0565592
71  106  0.0690745
71  108  0.0739627
71  110  0.0941801
71  112  0.106777
71  114  0.147493
71  116  0.188778
71  118  0.312193
71  120  0.582158
72  77  0.0193405
72  79  0.021923
72  81  0.025264
72  83  0.024649
72  85  0.0280082
72  87  0.0274684
72  89  0.0314023
72  91  0.0310135
72  93  0.0357325
72  95  0.035609
72  97  0.0414483
72  99  0.041803
72  101  0.0493416
72  103  0.0506049
72  105  0.0609494
72  107  0.064101
72  109  0.0796995
72  111  0.0874067
72  113  0.115068
72  115  0.137028
72  117  0.204264
72  119  0.297759
72  121  0.691609
73  78  0.0170192
73  80  0.02361
73  82  0.0234323
73  84  0.0265708
73  86  0.0259831
73  88  0.0296083
73  90  0.0291336
73  92  0.0334276
73  94  0.0331528
73  96  0.0383786
73  98  0.0384583
73  100  0.0450517
73  102  0.0457849
73  104  0.0545344
73  106  0.0565592
73  108  0.0690745
73  110  0.0739627
73  112  0.0941801
73  114  0.106777
73  116  0.147493
73  118  0.188778
73  120  0.312193
73  122  0.582158
74  79  0.0193405
74  81  0.021923
74  83  0.025264
74  85  0.024649
74  87  0.0280082
74  89  0.0274684
74  91  0.0314023
74  93  0.0310135
74  95  0.0357325
74  97  0.035609
74  99  0.0414483
74  101  0.041803
74  103  0.0493416
74  105  0.0506049
74  107  0.0609494
74  109  0.064101
74  111  0.0796995
74  113  0.0874067
74  115  0.115068
74  117  0.137028
74  119  0.204264
74  121  0.297759
74  123  0.691609
75  80  0.0170192
75  82  0.02361
75  84  0.0234323
75  86  0.0265708
75  88  0.0259831
75  90  0.0296083
75  92  0.0291336
75  94  0.0334276
75  96  0.0331528
75  98  0.0383786
75  100  0.0384583
75  102  0.0450517
75  104  0.0457849
75  106  0.0545344
75  108  0.0565592
75  110  0.0690745
75  112  0.0739627
75  114  0.0941801
75  116  0.106777
75  118  0.147493
75  120  0.188778
75  122  0.312193
75  124  0.582158
76  81  0.0193405
76  83  0.021923
76  85  0.025264
76  87  0.024649
76  89  0.0280082
76  91  0.0274684
76  93  0.0314023
76  95  0.0310135
76  97  0.0357325
76  99  0.035609
76  101  0.0414483
76  103  0.041803
76  105  0.0493416
76  107  0.0506049
76  109  0.0609494
76  111  0.064101
76  113  0.0796995
76  115  0.0874067
76  117  0.115068
76  119  0.137028
76  121  0.204264
76  123  0.297759
76  125  0.691609
77  82  0.0170192
77  84  0.02361
77  86  0.0234323
77  88  0.0265708
77  90  0.0259831
77  92  0.0296083
77  94  0.0291336
77  96  0.0334276
77  98  0.0331528
77  100  0.0383786
77  102  0.0384583
77  104  0.0450517
77  106  0.0457849
77  108  0.0545344
77  110  0.0565592
77  112  0.0690745
77  114  0.0739627
77  116  0.0941801
77  118  0.106777
77  120  0.147493
77  122  0.188778
77  124  0.312193
77  126  0.582158
78  83  0.0193405
78  85  0.021923
78  87  0.025264
78  89  0.024649
78  91  0.0280082
78  93  0.0274684
78  95  0.0314023
78  97  0.0310135
78  99  0.0357325
78  101  0.035609
78  103  0.0414483
78  105  0.041803
78  107  0.0493416
78  109  0.0506049
78  111  0.0609494
78  113  0.064101
78  115  0.0796995
78  117  0.0874067
78  119  0.115068
78  121  0.137028
78  123  0.204264
78  125  0.297759
78  127  0.691609
79  84  0.0170192
79  86  0.02361
79  88  0.0234323
79  90  0.0265708
79  92  0.0259831
79  94  0.0296083
79  96  0.0291336
79  98  0.0334276
79  100  0.0331528
79  102  0.0383786
79  104  0.0384583
79  106  0.0450517
79  108  0.0457849
79  110  0.0545344
79  112  0.0565592
79  114  0.0690745
79  116  0.0739627
79  118  0.0941801
79  120  0.106777
79  122  0.147493
79  124  0.188778
79  126  0.312193
79  128  0.582158
80  85  0.0193405
80  87  0.021923
80  89  0.025264
80  91  0.024649
80  93  0.0280082
80  95  0.0274684
80  97  0.0314023
80  99  0.0310135
80  101  0.0357325
80  103  0.035609
80  105  0.0414483
80  107  0.041803
80  109  0.0493416
80  111  0.0506049
80  113  0.0609494
80  115  0.064101
80  117  0.0796995
80  119  0.0874067
80  121  0.115068
80  123  0.137028
80  125  0.204264
80  127  0.297759
80  129  0.691609
81  86  0.0170192
81  88  0.02361
81  90  0.0234323
81  92  0.0265708
81  94  0.0259831
81  96  0.0296083
81  98  0.0291336
81  100  0.0334276
81  102  0.0331528
81  104  0.0383786
81  106  0.0384583
81  108  0.0450517
81  110  0.0457849
81  112  0.0545344
81  114  0.0565592
81  116  0.0690745
81  118  0.0739627
81  120  0.0941801
81  122  0.106777
81  124  0.147493
81  126  0.188778
81  128  0.312193
81  130  0.582158
82  87  0.0193405
82  89  0.021923
82  91  0.025264
82  93  0.024649
82  95  0.0280082
82  97  0.0274684
82  99  0.0314023
82  101  0.0310135
82  103  0.0357325
82  105  0.035609
82  107  0.0414483
82  109  0.041803
82  111  0.0493416
82  113  0.0506049
82  115  0.0609494
82  117  0.064101
82  119  0.0796995
82  121  0.0874067
82  123  0.115068
82  125  0.137028
82  127  0.204264
82  129  0.297759
82  131  0.691609
83  88  0.0170192
83  90  0.02361
83  92  0.0234323
83  94  0.0265708
83  96  0.0259831
83  98  0.0296083
83  100  0.0291336
83  102  0.0334276
83  104  0.0331528
83  106  0.0383786
83  108  0.0384583
83  110  0.0450517
83  112  0.0457849
83  114  0.0545344
83  116  0.0565592
83  118  0.0690745
83  120  0.0739627
83  122  0.0941801
83  124  0.106777
83  126  0.147493
83  128  0.188778
83  130  0.312193
83  132  0.582158
84  89  0.0193405
84  91  0.021923
84  93  0.025264
84  95  0.024649
84  97  0.0280082
84  99  0.0274684
84  101  0.0314023
84  103  0.0310135
84  105  0.0357325
84  107  0.035609
84  109  0.0414483
84  111  0.041803
84  113  0.0493416
84  115  0.0506049
84  117  0.0609494
84  119  0.064101
84  121  0.0796995
84  123  0.0874067
84  125  0.115068
84  127  0.137028
84  129  0.204264
84  131  0.297759
84  133  0.691609
85  90  0.0170192
85  92  0.02361
85  94  0.0234323
85  96  0.0265708
85  98  0.0259831
85  100  0.0296083
85  102  0.0291336
85  104  0.0334276
85  106  0.0331528
85  108  0.0383786
85  110  0.0384583
85  112  0.0450517
85  114  0.0457849
85  116  0.0545344
85  118  0.0565592
85  120  0.0690745
85  122  0.0739627
85  124  0.0941801
85  126  0.106777
85  128  0.147493
85  130  0.188778
85  132  0.312193
85  134  0.582158
86  91  0.0193405
86  93  0.021923
86  95  0.025264
86  97  0.024649
86  99  0.0280082
86  101  0.0274684
86  103  0.0314023
86  105  0.0310135
86  107  0.0357325
86  109  0.035609
86  111  0.0414483
86  113  0.041803
86  115  0.0493416
86  117  0.0506049
86  119  0.0609494
86  121  0.064101
86  123  0.0796995
86  125  0.0874067
86  127  0.115068
86  129  0.137028
86  131  0.204264
86  133  0.297759
86  135  0.691609
87  92  0.0170192
87  94  0.02361
87  96  0.0234323
87  98  0.0265708
87  100  0.0259831
87  102  0.0296083
87  104  0.0291336
87  106  0.0334276
87  108  0.0331528
87  110  0.0383786
87  112  0.0384583
87  114  0.0450517
87  116  0.0457849
87  118  0.0545344
87  120  0.0565592
87  122  0.0690745
87  124  0.0739627
87  126  0.0941801
87  128  0.106777
87  130  0.147493
87  132  0.188778
87  134  0.312193
87  136  0.582158
88  93  0.0193405
88  95  0.021923
88  97  0.025264
88  99  0.024649
88  101  0.0280082
88  103  0.0274684
88  105  0.0314023
88  107  0.0310135
88  109  0.0357325
88  111  0.035609
88  113  0.0414483
88  115  0.041803
88  117  0.0493416
88  119  0.0506049
88  121  0.0609494
88  123  0.064101
88  125  0.0796995
88  127  0.0874067
88  129  0.115068
88  131  0.137028
88  133  0.204264
88  135  0.297759
88  137  0.691609
89  94  0.0170192
89  96  0.02361
89  98  0.0234323
89  100  0.0265708
89  102  0.0259831
89  104  0.0296083
89  106  0.0291336
89  108  0.0334276
89  110  0.0331528
89  112  0.0383786
89  114  0.0384583
89  116  0.0450517
89  118  0.0457849
89  120  0.0545344
89  122  0.0565592
89  124  0.0690745
89  126  0.0739627
89  128  0.0941801
89  130  0.106777
89  132  0.147493
89  134  0.188778
89  136  0.312193
89  138  0.582158
90  95  0.0193405
90  97  0.021923
90  99  0.025264
90  101  0.024649
90  103  0.0280082
90  105  0.0274684
90  107  0.0314023
90  109  0.0310135
90  111  0.0357325
90  113  0.035609
90  115  0.0414483
90  117  0.041803
90  119  0.0493416
90  121  0.0506049
90  123  0.0609494
90  125  0.064101
90  127  0.0796995
90  129  0.0874067
90  131  0.115068
90  133  0.137028
90  135  0.204264
90  137  0.297759
90  139  0.691609
91  96  0.0170192
91  98  0.02361
91  100  0.0234323
91  102  0.0265708
91  104  0.0259831
91  106  0.0296083
91  108  0.0291336
91  110  0.0334276
91  112  0.0331528
91  114  0.0383786
91  116  0.0384583
91  118  0.0450517
91  120  0.0457849
91  122  0.0545344
91  124  0.0565592
91  126  0.0690745
91  128  0.0739627
91  130  0.0941801
91  132  0.106777
91  134  0.147493
91  136  0.188778
91  138  0.312193
91  140  0.582158
92  97  0.0193405
92  99  0.021923
92  101  0.025264
92  103  0.024649
92  105  0.0280082
92  107  0.0274684
92  109  0.0314023
92  111  0.0310135
92  113  0.0357325
92  115  0.035609
92  117  0.0414483
92  119  0.041803
92  121  0.0493416
92  123  0.0506049
92  125  0.0609494
92  127  0.064101
92  129  0.0796995
92  131  0.0874067
92  133  0.115068
92  135  0.137028
92  137  0.204264
92  139  0.297759
92  141  0.691609
93  98  0.0170192
93  100  0.02361
93  102  0.0234323
93  104  0.0265708
93  106  0.0259831
93  108  0.0296083
93  110  0.0291336
93  112  0.0334276
93  114  0.0331528
93  116  0.0383786
93  118  0.0384583
93  120  0.0450517
93  122  0.0457849
93  124  0.0545344
93  126  0.0565592
93  128  0.0690745
93  130  0.0739627
93  132  0.0941801
93  134  0.106777
93  136  0.147493
93  138  0.188778
93  140  0.312193
93  142  0.582158
94  99  0.0193405
94  101  0.021923
94  103  0.025264
94  105  0.024649
94  107  0.0280082
94  109  0.0274684
94  111  0.0314023
94  113  0.0310135
94  115  0.0357325
94  117  0.035609
94  119  0.0414483
94  121  0.041803
94  123  0.0493416
94  125  0.0506049
94  127  0.0609494
94  129  0.064101
94  131  0.0796995
94  133  0.0874067
94  135  0.115068
94  137  0.137028
94  139  0.204264
94  141  0.297759
94  143  0.691609
95  100  0.0170192
95  102  0.02361
95  104  0.0234323
95  106  0.0265708
95  108  0.0259831
95  110  0.0296083
95  112  0.0291336
95  114  0.0334276
95  116  0.0331528
95  118  0.0383786
95  120  0.0384583
95  122  0.0450517
95  124  0.0457849
95  126  0.0545344
95  128  0.0565592
95  130  0.0690745
95  132  0.0739627
95  134  0.0941801
95  136  0.106777
95  138  0.147493
95  140  0.188778
95  142  0.312193
95  144  0.582158
96  101  0.0193405
96  103  0.021923
96  105  0.025264
96  107  0.024649
96  109  0.0280082
96  111  0.0274684
96  113  0.0314023
96  115  0.0310135
96  117  0.0357325
96  119  0.035609
96  121  0.0414483
96  123  0.041803
96  125  0.0493416
96  127  0.0506049
96  129  0.0609494
96  131  0.064101
96  133  0.0796995
96  135  0.0874067
96  137  0.115068
96  139  0.137028
96  141  0.204264
96  143  0.297759
96  145  0.691609
97  102  0.0170192
97  104  0.02361
97  106  0.0234323
97  108  0.0265708
97  110  0.0259831
97  112  0.0296083
97  114  0.0291336
97  116  0.0334276
97  118  0.0331528
97  120  0.0383786
97  122  0.0384583
97  124  0.0450517
97  126  0.0457849
97  128  0.0545344
97  130  0.0565592
97  132  0.0690745
97  134  0.0739627
97  136  0.0941801
97  138  0.106777
97  140  0.147493
97  142  0.188778
97  144  0.312193
97  146  0.582158
98  103  0.0193405
98  105  0.021923
98  107  0.025264
98  109  0.024649
98  111  0.0280082
98  113  0.0274684
98  115  0.0314023
98  117  0.0310135
98  119  0.0357325
98  121  0.035609
98  123  0.0414483
98  125  0.041803
98  127  0.0493416
98  129  0.0506049
98  131  0.0609494
98  133  0.064101
98  135  0.0796995
98  137  0.0874067
98  139  0.115068
98  141  0.137028
98  143  0.204264
98  145  0.297759
98  147  0.691609
99  104  0.0170192
99  106  0.02361
99  108  0.0234323
99  110  0.0265708
99  112  0.0259831
99  114  0.0296083
99  116  0.0291336
99  118  0.0334276
99  120  0.0331528
99  122  0.0383786
99  124  0.0384583
99  126  0.0450517
99  128  0.0457849
99  130  0.0545344
99  132  0.0565592
99  134  0.0690745
99  136  0.0739627
99  138  0.0941801
99  140  0.106777
99  142  0.147493
99  144  0.188778
99  146  0.312193
99  148  0.582158
100  105  0.0193405
100  107  0.021923
100  109  0.025264
100  111  0.024649
100  113  0.0280082
100  115  0.0274684
100  117  0.0314023
100  119  0.0310135
100  121  0.0357325
100  123  0.035609
100  125  0.0414483
100  127  0.041803
100  129  0.0493416
100  131  0.0506049
100  133  0.0609494
100  135  0.064101
100  137  0.0796995
100  139  0.0874067
100  141  0.115068
100  143  0.137028
100  145  0.204264
100  147  0.297759
100  149  0.691609
101  106  0.0170192
101  108  0.02361
101  110  0.0234323
101  112  0.0265708
101  114  0.0259831
101  116  0.0296083
101  118  0.0291336
101  120  0.0334276
101  122  0.0331528
101  124  0.0383786
101  126  0.0384583
101  128  0.0450517
101  130  0.0457849
101  132  0.0545344
101  134  0.0565592
101  136  0.0690745
101  138  0.0739627
101  140  0.0941801
101  142  0.106777
101  144  0.147493
101  146  0.188778
101  148  0.312193
101  150  0.582158
102  107  0.0193405
102  109  0.021923
102  111  0.025264
102  113  0.024649
102  115  0.0280082
102  117  0.0274684
102  119  0.0314023
102  121  0.0310135
102  123  0.0357325
102  125  0.035609
102  127  0.0414483
102  129  0.041803
102  131  0.0493416
102  133  0.0506049
102  135  0.0609494
102  137  0.064101
102  139  0.0796995
102  141  0.0874067
102  143  0.115068
102  145  0.137028
102  147  0.204264
102  149  0.297759
102  151  0.691609
103  108  0.0170192
103  110  0.02361
103  112  0.0234323
103  114  0.0265708
103  116  0.0259831
103  118  0.0296083
103  120  0.0291336
103  122  0.0334276
103  124  0.0331528
103  126  0.0383786
103  128  0.0384583
103  130  0.0450517
103  132  0.0457849
103  134  0.0545344
103  136  0.0565592
103  138  0.0690745
103  140  0.0739627
103  142  0.0941801
103  144  0.106777
103  146  0.147493
103  148  0.188778
103  150  0.312193
103  152  0.582158
104  109  0.0193405
104  111  0.021923
104  113  0.025264
104  115  0.024649
104  117  0.0280082
104  119  0.0274684
104  121  0.0314023
104  123  0.0310135
104  125  0.0357325
104  127  0.035609
104  129  0.0414483
104  131  0.041803
104  133  0.0493416
104  135  0.0506049
104  137  0.0609494
104  139  0.064101
104  141  0.0796995
104  143  0.0874067
104  145  0.115068
104  147  0.137028
104  149  0.204264
104  151  0.297759
104  153  0.691609
105  110  0.0170192
105  112  0.02361
105  114  0.0234323
105  116  0.0265708
105  118  0.0259831
105  120  0.0296083
105  122  0.0291336
105  124  0.0334276
105  126  0.0331528
105  128  0.0383786
105  130  0.0384583
105  132  0.0450517
105  134  0.0457849
105  136  0.0545344
105  138  0.0565592
105  140  0.0690745
105  142  0.0739627
105  144  0.0941801
105  146  0.106777
105  148  0.147493
105  150  0.188778
105  152  0.312193
105  154  0.582158
106  111  0.0193405
106  113  0.021923
106  115  0.025264
106  117  0.024649
106  119  0.0280082
106  121  0.0274684
106  123  0.0314023
106  125  0.0310135
106  127  0.0357325
106  129  0.035609
106  131  0.0414483
106  133  0.041803
106  135  0.0493416
106  137  0.0506049
106  139  0.0609494
106  141  0.064101
106  143  0.0796995
106  145  0.0874067
106  147  0.115068
106  149  0.137028
106  151  0.204264
106  153  0.297759
106  155  0.691609
107  112  0.0170192
107  114  0.02361
107  116  0.0234323
107  118  0.0265708
107  120  0.0259831
107  122  0.0296083
107  124  0.0291336
107  126  0.0334276
107  128  0.0331528
107  130  0.0383786
107  132  0.0384583
107  134  0.0450517
107  136  0.0457849
107  138  0.0545344
107  140  0.0565592
107  142  0.0690745
107  144  0.0739627
107  146  0.0941801
107  148  0.106777
107  150  0.147493
107  152  0.188778
107  154  0.312193
107  156  0.582158
108  113  0.0193405
108  115  0.021923
108  117  0.025264
108  119  0.024649
108  121  0.0280082
108  123  0.0274684
108  125  0.0314023
108  127  0.0310135
108  129  0.0357325
108  131  0.035609
108  133  0.0414483
108  135  0.041803
108  137  0.0493416
108  139  0.0506049
108  141  0.0609494
108  143  0.064101
108  145  0.0796995
108  147  0.0874067
108  149  0.115068
108  151  0.137028
108  153  0.204264
108  155  0.297759
108  157  0.691609
109  114  0.0170192
109  116  0.02361
109  118  0.0234323
109  120  0.0265708
109  122  0.0259831
109  124  0.0296083
109  126  0.0291336
109  128  0.0334276
109  130  0.0331528
109  132  0.0383786
109  134  0.0384583
109  136  0.0450517
109  138  0.0457849
109  140  0.0545344
109  142  0.0565592
109  144  0.0690745
109  146  0.0739627
109  148  0.0941801
109  150  0.106777
109  152  0.147493
109  154  0.188778
109  156  0.312193
109  158  0.582158
110  115  0.0193405
110  117  0.021923
110  119  0.025264
110  121  0.024649
110  123  0.0280082
110  125  0.0274684
110  127  0.0314023
110  129  0.0310135
110  131  0.0357325
110  133  0.035609
110  135  0.0414483
110  137  0.041803
110  139  0.0493416
110  141  0.0506049
110  143  0.0609494
110  145  0.064101
110  147  0.0796995
110  149  0.0874067
110  151  0.115068
110  153  0.137028
110  155  0.204264
110  157  0.297759
110  159  0.691609
111  116  0.0170192
111  118  0.02361
111  120  0.0234323
111  122  0.0265708
111  124  0.0259831
111  126  0.0296083
111  128  0.0291336
111  130  0.0334276
111  132  0.0331528
111  134  0.0383786
111  136  0.0384583
111  138  0.0450517
111  140  0.0457849
111  142  0.0545344
111  144  0.0565592
111  146  0.0690745
111  148  0.0739627
111  150  0.0941801
111  152  0.106777
111  154  0.147493
111  156  0.188778
111  158  0.312193
111  160  0.582158
112  117  0.0193405
112  119  0.021923
112  121  0.025264
112  123  0.024649
112  125  0.0280082
112  127  0.0274684
112  129  0.0314023
112  131  0.0310135
112  133  0.0357325
112  135  0.035609
112  137  0.0414483
112  139  0.041803
112  141  0.0493416
112  143  0.0506049
112  145  0.0609494
112  147  0.064101
112  149  0.0796995
112  151  0.0874067
112  153  0.115068
112  155  0.137028
112  157  0.204264
112  159  0.297759
112  161  0.691609
113  118  0.0170192
113  120  0.02361
113  122  0.0234323
113  124  0.0265708
113  126  0.0259831
113  128  0.0296083
113  130  0.0291336
113  132  0.0334276
113  134  0.0331528
113  136  0.0383786
113  138  0.0384583
113  140  0.0450517
113  142  0.0457849
113  144  0.0545344
113  146  0.0565592
113  148  0.0690745
113  150  0.0739627
113  152  0.0941801
113  154  0.106777
113  156  0.147493
113  158  0.188778
113  160  0.312193
113  162  0.582158
114  119  0.0193405
114  121  0.021923
114  123  0.025264
114  125  0.024649
114  127  0.0280082
114  129  0.0274684
114  131  0.0314023
114  133  0.0310135
114  135  0.0357325
114  137  0.035609
114  139  0.0414483
114  141  0.041803
114  143  0.0493416
114  145  0.0506049
114  147  0.0609494
114  149  0.064101
114  151  0.0796995
114  153  0.0874067
114  155  0.115068
114  157  0.137028
114  159  0.204264
114  161  0.297759
114  163  0.691609
115  120  0.0170192
115  122  0.02361
115  124  0.0234323
115  126  0.0265708
115  128  0.0259831
115  130  0.0296083
115  132  0.0291336
115  134  0.0334276
115  136  0.0331528
115  138  0.0383786
115  140  0.0384583
115  142  0.0450517
115  144  0.0457849
115  146  0.0545344
115  148  0.0565592
115  150  0.0690745
115  152  0.0739627
115  154  0.0941801
115  156  0.106777
115  158  0.147493
115  160  0.188778
115  162  0.312193
115  164  0.582158
116  121  0.0193405
116  123  0.021923
116  125  0.025264
116  127  0.024649
116  129  0.0280082
116  131  0.0274684
116  133  0.0314023
116  135  0.0310135
116  137  0.0357325
116  139  0.035609
116  141  0.0414483
116  143  0.041803
116  145  0.0493416
116  147  0.0506049
116  149  0.0609494
116  151  0.064101
116  153  0.0796995
116  155  0.0874067
116  157  0.115068
116  159  0.137028
116  161  0.204264
116  163  0.297759
116  165  0.691609
117  122  0.0170192
117  124  0.02361
117  126  0.0234323
117  128  0.0265708
117  130  0.0259831
117  132  0.0296083
117  134  0.0291336
117  136  0.0334276
117  138  0.0331528
117  140  0.0383786
117  142  0.0384583
117  144  0.0450517
117  146  0.0457849
117  148  0.0545344
117  150  0.0565592
117  152  0.0690745
117  154  0.0739627
117  156  0.0941801
117  158  0.106777
117  160  0.147493
117  162  0.188778
117  164  0.312193
117  166  0.582158
118  123  0.0193405
118  125  0.021923
118  127  0.025264
118  129  0.024649
118  131  0.0280082
118  133  0.0274684
118  135  0.0314023
118  137  0.0310135
118  139  0.0357325
118  141  0.035609
118  143  0.0414483
118  145  0.041803
118  147  0.0493416
118  149  0.0506049
118  151  0.0609494
118  153  0.064101
118  155  0.0796995
118  157  0.0874067
118  159  0.115068
118  161  0.137028
118  163  0.204264
118  165  0.297759
118  167  0.691609
119  124  0.0170192
119  126  0.02361
119  128  0.0234323
119  130  0.0265708
119  132  0.0259831
119  134  0.0296083
119  136  0.0291336
119  138  0.0334276
119  140  0.0331528
119  142  0.0383786
119  144  0.0384583
119  146  0.0450517
119  148  0.0457849
119  150  0.0545344
119  152  0.0565592
119  154  0.0690745
119  156  0.0739627
119  158  0.0941801
119  160  0.106777
119  162  0.147493
119  164  0.188778
119  166  0.312193
119  168  0.582158
120  125  0.0193405
120  127  0.021923
120  129  0.025264
120  131  0.024649
120  133  0.0280082
120  135  0.0274684
120  137  0.0314023
120  139  0.0310135
120  141  0.0357325
120  143  0.035609
120  145  0.0414483
120  147  0.041803
120  149  0.0493416
120  151  0.0506049
120  153  0.0609494
120  155  0.064101
120  157  0.0796995
120  159  0.0874067
120  161  0.115068
120  163  0.137028
120  165  0.204264
120  167  0.297759
120  169  0.691609
121  126  0.0170192
121  128  0.02361
121  130  0.0234323
121  132  0.0265708
121  134  0.0259831
121  136  0.0296083
121  138  0.0291336
121  140  0.0334276
121  142  0.0331528
121  144  0.0383786
121  146  0.0384583
121  148  0.0450517
121  150  0.0457849
121  152  0.0545344
121  154  0.0565592
121  156  0.0690745
121  158  0.0739627
121  160  0.0941801
121  162  0.106777
121  164  0.147493
121  166  0.188778
121  168  0.312193
121  170  0.582158
122  127  0.0193405
122  129  0.021923
122  131  0.025264
122  133  0.024649
122  135  0.0280082
122  137  0.0274684
122  139  0.0314023
122  141  0.0310135
122  143  0.0357325
122  145  0.035609
122  147  0.0414483
122  149  0.041803
122  151  0.0493416
122  153  0.0506049
122  155  0.0609494
122  157  0.064101
122  159  0.0796995
122  161  0.0874067
122  163  0.115068
122  165  0.137028
122  167  0.204264
122  169  0.297759
122  171  0.691609
123  128  0.0170192
123  130  0.02361
123  132  0.0234323
123  134  0.0265708
123  136  0.0259831
123  138  0.0296083
123  140  0.0291336
123  142  0.0334276
123  144  0.0331528
123  146  0.0383786
123  148  0.0384583
123  150  0.0450517
123  152  0.0457849
123  154  0.0545344
123  156  0.0565592
123  158  0.0690745
123  160  0.0739627
123  162  0.0941801
123  164  0.106777
123  166  0.147493
123  168  0.188778
123  170  0.312193
123  172  0.582158
124  129  0.0193405
124  131  0.021923
124  133  0.025264
124  135  0.024649
124  137  0.0280082
124  139  0.0274684
124  141  0.0314023
124  143  0.0310135
124  145  0.0357325
124  147  0.035609
124  149  0.0414483
124  151  0.041803
124  153  0.0493416
124  155  0.0506049
124  157  0.0609494
124  159  0.064101
124  161  0.0796995
124  163  0.0874067
124  165  0.115068
124  167  0.137028
124  169  0.204264
124  171  0.297759
124  173  0.691609
125  130  0.0170192
125  132  0.02361
125  134  0.0234323
125  136  0.0265708
125  138  0.0259831
125  140  0.0296083
125  142  0.0291336
125  144  0.0334276
125  146  0.0331528
125  148  0.0383786
125  150  0.0384583
125  152  0.0450517
125  154  0.0457849
125  156  0.0545344
125  158  0.0565592
125  160  0.0690745
125  162  0.0739627
125  164  0.0941801
125  166  0.106777
125  168  0.147493
125  170  0.188778
125  172  0.312193
125  174  0.582158
126  131  0.0193405
126  133  0.021923
126  135  0.025264
126  137  0.024649
126  139  0.0280082
126  141  0.0274684
126  143  0.0314023
126  145  0.0310135
126  147  0.0357325
126  149  0.035609
126  151  0.0414483
126  153  0.041803
126  155  0.0493416
126  157  0.0506049
126  159  0.0609494
126  161  0.064101
126  163  0.0796995
126  165  0.0874067
126  167  0.115068
126  169  0.137028
126  171  0.204264
126  173  0.297759
126  175  0.691609
127  132  0.0170192
127  134  0.02361
127  136  0.0234323
127  138  0.0265708
127  140  0.0259831
127  142  0.0296083
127  144  0.0291336
127  146  0.0334276
127  148  0.0331528
127  150  0.0383786
127  152  0.0384583
127  154  0.0450517
127  156  0.0457849
127  158  0.0545344
127  160  0.0565592
127  162  0.0690745
127  164  0.0739629
127  166  0.0941818
127  168  0.10679
127  170  0.147624
127  172  0.189937
127  174  0.327307
127  176  0.45325
128  133  0.01978
128  135  0.0224449
128  137  0.0258955
128  139  0.0252977
128  141  0.0287862
128  143  0.0282763
128  145  0.0323836
128  147  0.0320473
128  149  0.0370086
128  151  0.0369786
128  153  0.0431753
128  155  0.0437031
128  157  0.0518086
128  159  0.0534162
128  161  0.0647587
128  163  0.0686798
128  165  0.0863425
128  167  0.0961581
128  169  0.129558
128  171  0.160755
128  173  0.265767
128  175  0.371133
129  134  0.0178108
129  136  0.0247617
129  138  0.0246339
129  140  0.028007
129  142  0.0274678
129  144  0.0314027
129  146  0.0310131
129  148  0.0357329
129  150  0.0356086
129  152  0.0414488
129  154  0.0418024
129  156  0.0493422
129  158  0.0506042
129  160  0.0609502
129  162  0.0641004
129  164  0.0797025
129  166  0.0874197
129  168  0.115198
129  170  0.138007
129  172  0.214399
129  174  0.259706
129  176  0.0720555
130  135  0.0207219
130  137  0.0235671
130  139  0.0272584
130  141  0.026703
130  143  0.0304794
130  145  0.0300435
130  147  0.0345424
130  149  0.0343363
130  151  0.0398553
130  153  0.04006
130  155  0.0471002
130  157  0.0480733
130  159  0.0575651
130  161  0.0600932
130  163  0.0740109
130  165  0.0801345
130  167  0.103688
130  169  0.120804
130  171  0.179059
130  173  0.197357
130  175  0.0590151
131  136  0.0186796
131  138  0.0260315
131  140  0.0259654
131  142  0.0296073
131  144  0.0291325
131  146  0.0334286
131  148  0.0331519
131  150  0.0383797
131  152  0.0384572
131  154  0.045053
131  156  0.0457835
131  158  0.054536
131  160  0.0565577
131  162  0.0690777
131  164  0.0739695
131  166  0.0942637
131  168  0.107384
131  170  0.153514
131  172  0.158107
131  174  0.0413076
132  137  0.0217579
132  139  0.0248074
132  141  0.0287727
132  143  0.0282738
132  145  0.0323843
132  147  0.0320463
132  149  0.0370096
132  151  0.0369774
132  153  0.0431765
132  155  0.0437017
132  157  0.0518101
132  159  0.0534147
132  161  0.0647615
132  163  0.0686849
132  165  0.08641
132  167  0.0966454
132  169  0.134333
132  171  0.1318
132  173  0.0314024
133  138  0.0196374
133  140  0.0274385
133  142  0.0274491
133  144  0.0314016
133  146  0.0310119
133  148  0.0357339
133  150  0.0356075
133  152  0.04145
133  154  0.0418012
133  156  0.0493436
133  158  0.0506028
133  160  0.0609528
133  162  0.0641051
133  164  0.0797642
133  166  0.0878585
133  168  0.119408
133  170  0.112971
133  172  0.0251645
134  139  0.022903
134  141  0.0261856
134  143  0.0304651
134  145  0.0300408
134  147  0.0345432
134  149  0.0343352
134  151  0.0398565
134  153  0.0400588
134  155  0.0471016
134  157  0.0480719
134  159  0.0575675
134  161  0.0600976
134  163  0.0740681
134  165  0.0805358
134  167  0.107467
134  169  0.0988461
134  171  0.0209854
135  140  0.0206989
135  142  0.0290064
135  144  0.0291126
135  146  0.0334275
135  148  0.0331506
135  150  0.0383808
135  152  0.038456
135  154  0.0450542
135  156  0.0457822
135  158  0.0545384
135  160  0.0565617
135  162  0.0691311
135  164  0.0743399
135  166  0.0976975
135  168  0.0878599
135  170  0.0179927
136  141  0.0241754
136  143  0.0277258
136  145  0.0323691
136  147  0.0320434
136  149  0.0370105
136  151  0.0369763
136  153  0.0431777
136  155  0.0437005
136  157  0.0518124
136  159  0.0534186
136  161  0.0648116
136  163  0.0690289
136  165  0.0895561
136  167  0.07907
136  169  0.015749
137  142  0.0218816
137  144  0.0307642
137  146  0.0309908
137  148  0.0357327
137  150  0.0356061
137  152  0.0414511
137  154  0.0418
137  156  0.0493458
137  158  0.0506065
137  160  0.0609999
137  162  0.0644263
137  164  0.0826673
137  166  0.0718791
137  168  0.0140026
138  143  0.0255974
138  145  0.0294586
138  147  0.034527
138  149  0.0343322
138  151  0.0398574
138  153  0.0400576
138  155  0.0471036
138  157  0.0480754
138  159  0.0576121
138  161  0.0603987
138  163  0.0767626
138  165  0.0658859
138  167  0.0126066
139  144  0.0232077
139  146  0.032749
139  148  0.033128
139  150  0.0383795
139  152  0.0384546
139  154  0.0450562
139  156  0.0457855
139  158  0.0545806
139  160  0.0568452
139  162  0.0716451
139  164  0.0608154
139  166  0.0114634
140  145  0.0271972
140  147  0.0314225
140  149  0.0369931
140  151  0.0369731
140  153  0.0431794
140  155  0.0437036
140  157  0.0518524
140  159  0.0536864
140  161  0.0671674
140  163  0.0564686
140  165  0.0105116
141  146  0.0247049
141  148  0.0350074
141  150  0.0355819
141  152  0.0414504
141  154  0.0418027
141  156  0.0493839
141  158  0.0508602
141  160  0.0632164
141  162  0.0527021
142  147  0.0290102
142  149  0.0336669
142  151  0.0398393
142  153  0.0400582
142  155  0.0471398
142  157  0.0483164
142  159  0.0597045
142  161  0.0494057
143  148  0.0264087
143  150  0.0376011
143  152  0.0384323
143  154  0.0450883
143  156  0.0460148
143  158  0.0565621
143  160  0.0464977
144  149  0.0310828
144  151  0.0362603
144  153  0.0431913
144  155  0.0439203
144  157  0.0537338
144  159  0.0439123
145  150  0.0283678
145  152  0.0406394
145  154  0.041985
145  156  0.0511722
145  158  0.0415993
146  151  0.0334987
146  153  0.0394802
146  155  0.0488248
146  157  0.0395153
147  152  0.0307918
147  154  0.0457729
147  156  0.0376096
148  153  0.0376039
148  155  0.0352248
149  154  0.0273726
