#unpaired probabilities
 #i$	l=1	2	3	4	5	6	
1	1	NA	NA	NA	NA	NA	
2	1	1	NA	NA	NA	NA	
3	1	1	1	NA	NA	NA	
4	1	1	1	1	NA	NA	
5	1	1	1	1	1	NA	
6	0.9999189	1	1	1	1	1	
7	0.999616	0.9998829	1	1	1	1	
8	0.9992379	0.9992664	0.9997875	1	1	1	
9	0.9989838	0.9986431	0.998902	0.9997289	1	1	
10	0.9990738	0.9985215	0.9982799	0.9986651	0.9996599	1	
11	0.9994705	0.9987006	0.9981041	0.9978498	0.9983222	0.9995606	
12	0.9999011	0.9993317	0.9984818	0.9977851	0.9974539	0.9979642	
13	0.9998753	0.9997977	0.9991962	0.9982649	0.9974159	0.9969447	
14	0.9994906	0.9994354	0.9994529	0.9988988	0.9979758	0.9968991	
15	0.9975279	0.9972702	0.9970424	0.9968328	0.9963606	0.9959516	
16	0.9980979	0.9965849	0.9962404	0.9959053	0.9956202	0.9952668	
17	1	0.9986388	0.9972166	0.9969131	0.9966344	0.996438	
18	0.9927573	0.9935549	0.9936187	0.9935498	0.9949894	0.9971636	
19	0.9975199	0.9896407	0.9906406	0.991321	0.9925081	0.9948152	
20	0.9984059	0.9963191	0.9875964	0.9887262	0.9896018	0.9908921	
21	0.9996257	0.9980576	0.9956804	0.9856204	0.9866092	0.9875564	
22	1	0.9996829	0.9981571	0.9954707	0.9836991	0.9845013	
23	0.9926466	0.9918295	0.990563	0.9877584	0.98291	0.9807572	
24	0.9980243	0.9912871	0.9901979	0.9886425	0.9852604	0.9829164	
25	0.9997048	0.997915	0.9922075	0.9910943	0.9895746	0.9861835	
26	0.9997734	0.9995341	0.9979918	0.9935828	0.9925133	0.991016	
27	0.9997228	0.9995027	0.9992595	0.9980206	0.9952873	0.9943447	
28	0.9999298	0.9997156	0.9995374	0.9993326	0.9985557	0.9982669	
29	0.9999209	0.9998731	0.9997409	0.9996222	0.9994782	0.9993739	
30	1	1	1	1	1	1	
31	1	1	1	1	1	1	
32	1	1	1	1	1	1	
33	1	1	1	1	1	1	
34	1	1	1	1	1	1	
35	0.9999843	1	1	1	1	1	
36	0.9999923	0.9999749	1	1	1	1	
37	0.999977	0.9999683	0.9999487	1	1	1	
38	0.9999838	0.9999575	0.9999476	0.9999252	1	1	
39	0.9999778	0.999959	0.9999283	0.9999167	0.9998906	1	
40	0.9999899	0.9999633	0.9999407	0.9999039	0.99989	0.9998587	
41	1	0.9999874	0.9999542	0.9999259	0.9998799	0.9998625	
42	1	1	0.9999832	0.9999389	0.9999012	0.9998398	
43	1	1	1	0.9999749	0.9999083	0.9998518	
44	0.9992934	0.9992934	0.9992934	0.9992934	0.9992934	0.9992934	
